0,0,0,0,0,0
-0.00015118796,-8.3267253e-05,-0.00018486283,-0.0019771687,-0.00026632206,0.040037705
-0.00017440075,-0.00015310242,-0.00018273094,-0.0022393934,-0.0041848578,0.035693476
-0.00023948932,-0.00031548127,-0.00021727626,-0.0026288556,-0.0081009235,0.063256942
0.00026224572,-0.00022905162,-0.00017511015,-0.0089634776,-0.0019759109,0.027571455
7.2413847e-05,-6.767732e-06,4.8578417e-05,0.0019451005,-0.0070277154,0.045007699
0.00010033442,7.6238517e-05,9.2019207e-05,0.00073019033,-0.0076260644,0.050875459
-0.00031882114,0.00025572261,0.00022408118,0.0098674665,-0.009597226,0.074703759
9.9795836e-05,0.00013732445,0.00033456652,0.018626068,-0.0059262298,0.016614001
5.3459406e-05,0.00022031744,0.00041647201,0.018569373,-0.019856655,0.033906695
-0.00013149832,0.00037873095,0.00048052325,0.015234939,-0.032098584,0.051577245
-2.3645462e-05,0.00023734028,0.00044537025,0.012209925,-0.026326649,0.034349614
-1.2708107e-05,4.0675547e-05,0.00030493194,0.01342539,-0.025575495,0.03916007
-8.1237883e-05,6.3505448e-05,0.00035678138,0.021441789,-0.023103444,0.036498015
0.00019388769,-6.793245e-05,0.00037310779,0.020442146,-0.021778589,0.012816199
9.987162e-05,-4.8266892e-05,0.00050640813,0.035415852,-0.020088668,0.033058844
-0.00012758787,0.00019757411,0.00058710006,0.033938611,-0.01835571,0.046410206
-8.9301098e-05,-4.552808e-05,0.00057704834,0.034274126,-0.012919766,0.025127456
-0.00025157952,-5.6848726e-05,0.00039371623,0.030110927,-0.0072858668,0.0062226214
-2.4249238e-05,-0.00056065966,0.0004416442,0.035547995,0.0071332268,-0.034194264
-2.0709928e-05,-0.00044336026,0.00066487785,0.055619042,-0.021984727,-0.0014614088
-3.6798773e-05,-0.00033872598,0.00077350903,0.050670126,-0.0083740646,-0.0025982184
-8.9100965e-05,-0.00024604268,0.00067319651,0.047871936,-0.018190583,0.0068676314
-0.00033153089,9.9504127e-06,0.00078620752,0.052058244,-0.017112744,0.018634906
-0.00039779121,-0.00018872951,0.00080676761,0.050858095,-0.013656311,0.04608712
-0.00010339764,-0.0002574295,0.00069013574,0.045423774,-0.0075801193,0.0042668704
-1.3375212e-05,-0.00052791912,0.00049453669,0.027410383,-0.017779602,0.025154328
-3.4036478e-05,-0.00048926913,0.00010496977,0.0071173377,-0.032542805,0.060861639
-2.7127034e-05,-0.00056332488,2.9648946e-05,0.0032292926,-0.028167595,0.062374543
-0.00013462537,-0.00086811376,-0.00019349214,-0.0061836146,-0.024128192,0.046007629
-0.00010239738,-0.0011381898,-0.00035656737,-0.0099045911,-0.029548288,0.029225505
-2.7079924e-05,-0.0011724679,-0.00032266002,-0.0044185139,-0.022395939,0.010438001
-9.8585909e-05,-0.0011466287,-0.00058311504,-0.013301913,-0.030730159,0.027112455
0.00026806676,-0.00072970885,-0.00018691042,0.00069709932,-0.031443931,0.021194416
-8.2639118e-05,-0.0010270604,-0.00037726923,-0.0036135437,-0.029325282,0.038313758
3.0845811e-05,-0.0011319584,-0.00047586735,-0.018685217,-0.010769289,0.0087097963
6.0855702e-05,-0.0011376875,-0.00036783383,-0.012636086,-0.023888563,0.042903213
0.00047348568,-0.0012747855,-0.00036903156,-0.011882632,-0.010838645,-0.016892668
0.00015891241,-0.0013240269,-0.00044873594,-0.015593868,-0.021825054,0.025528063
-3.4437705e-05,-0.0012642399,-0.00040947027,-0.015096781,-0.017502138,0.01688164
-8.59849e-05,-0.0012705251,-0.00015726921,-0.0026810242,-0.024760607,0.022693982
-6.743935e-05,-0.0011207606,-0.00017449172,-0.0052830525,-0.024995948,0.03633589
0.00015252969,-0.0011697006,-0.00026837849,-0.0071316559,-0.022836393,0.036814325
-9.8916591e-05,-0.0011507316,-0.00048137869,-0.015037855,-0.028353379,0.063025676
0.0001941073,-0.0011830592,-0.00040438957,-0.010958335,-0.029363608,0.040339658
-0.0001616173,-0.0012573078,-0.00055705672,-0.022977421,-0.018265032,0.051178546
0.00024935539,-0.0021451844,-0.00040739573,0.0023095297,0.02316894,-0.083947604
0.00038493864,-0.0024488512,-0.00061040217,0.0083003249,0.024160663,-0.098048156
0.0019161881,-0.0040351619,-0.0010028342,0.022699881,-0.010665318,-0.32333708
0.0017765973,-0.0037431634,-0.0010854641,0.0053389727,-0.016379085,-0.28598189
0.0011169396,-0.0038888116,-0.0012795249,-0.012965937,-0.0018105342,-0.21334419
0.0014344796,-0.003853314,-0.0015012206,-0.036557001,-0.014809057,-0.21454732
0.0015865255,-0.0038895179,-0.0015999248,-0.039830246,-0.014744531,-0.20020245
0.0013024832,-0.0033440634,-0.0012403991,-0.028722058,-0.018959094,-0.15639115
0.0010412937,-0.0031337619,-0.0010011845,-0.011726379,-0.029870978,-0.09704688
0.0013128555,-0.0033032211,-0.0011492411,-0.010680464,-0.011525699,-0.17111695
0.0021470632,-0.0030344008,-0.0004227339,0.034987672,0.0042869127,-0.31674071
0.0021801628,-0.0034856569,-0.0010297393,0.013469319,-0.044295229,-0.25423096
0.0025946389,-0.0040202774,-0.0012931218,-8.7736842e-05,-0.020971974,-0.33202427
0.0010681001,-0.0035132729,-0.0013901641,0.0029813913,-0.0929026,-0.11916108
0.0020534208,-0.003094102,-0.0011331407,-0.0074162145,-0.042741241,-0.19625516
0.0022471029,-0.0032902056,-0.0012642627,-0.011139091,-0.067229744,-0.16444974
0.0023374512,-0.003208262,-0.0012751217,-0.022100368,-0.050982144,-0.1982828
0.0022820615,-0.0033078815,-0.0012247302,-0.024068699,-0.060749897,-0.19391488
0.0027197113,-0.0033099369,-0.0011381275,-0.03047285,-0.048597957,-0.221462
0.0025564768,-0.003380336,-0.0012663306,-0.032379747,-0.0663717,-0.17199024
0.002282695,-0.0033066186,-0.0012936333,-0.030780175,-0.068636121,-0.15437867
0.002451361,-0.003311863,-0.0013751401,-0.038956032,-0.071637071,-0.16102218
0.0024548723,-0.0032503032,-0.001273547,-0.030767232,-0.052446601,-0.19111938
0.0024844557,-0.0034758183,-0.0013913479,-0.028399388,-0.064708684,-0.18586468
0.002709807,-0.003409181,-0.0014414912,-0.032938142,-0.068337145,-0.21321334
0.0026272753,-0.003297523,-0.0012629466,-0.02929068,-0.079685588,-0.20730953
0.0025607206,-0.0031435712,-0.0010655042,-0.031972428,-0.069210925,-0.20822043
0.0027368719,-0.0032774905,-0.0011056198,-0.032723465,-0.07446315,-0.21095444
0.0029225177,-0.0032153069,-0.0011861499,-0.03603861,-0.06630612,-0.22270782
0.0029785421,-0.0031696123,-0.0010250903,-0.031241746,-0.069987062,-0.22306407
0.0028754407,-0.0032017321,-0.0010595633,-0.028118255,-0.059121143,-0.24907807
0.0028649141,-0.0031102577,-0.0010694603,-0.030611181,-0.06421849,-0.24475915
0.0027614183,-0.0031812222,-0.0011549639,-0.03655007,-0.063202712,-0.2448549
0.0029557835,-0.0031030445,-0.0012577698,-0.05016968,-0.060842078,-0.26449542
0.0027253451,-0.0030736755,-0.0012159932,-0.048875734,-0.052769766,-0.244956
0.0030617628,-0.0030749557,-0.001297263,-0.053342218,-0.058959103,-0.26128867
0.0030149877,-0.0031352582,-0.0012664912,-0.044684495,-0.056574321,-0.25443394
0.0030664356,-0.0031326794,-0.0011897959,-0.047778719,-0.057756806,-0.26190523
0.0026514819,-0.0034777235,-0.0010418224,-0.030912256,-0.045822288,-0.24830346
0.0029744175,-0.0034247135,-0.0012514253,-0.03692248,-0.04885575,-0.26655793
0.0025963643,-0.0035771922,-0.0010753772,-0.018316437,-0.056297989,-0.25623951
0.0016728025,-0.0031642351,-0.0010081573,-0.012415226,-0.11649327,-0.16872956
0.0027959417,-0.0033027889,-0.0013597143,-0.052012654,-0.059683996,-0.27689144
0.0025166401,-0.0034910015,-0.0014237241,-0.054250211,-0.066882424,-0.22150207
0.003013142,-0.0033205428,-0.0012925171,-0.04759435,-0.057674762,-0.24718262
0.0029592206,-0.003415869,-0.0011918872,-0.041139951,-0.062985257,-0.21866015
0.0031935352,-0.0032930596,-0.0012391671,-0.055200216,-0.05563299,-0.22501103
0.0031189825,-0.0033497831,-0.0012856447,-0.055379498,-0.050590605,-0.20429515
0.0029661415,-0.0034067752,-0.0012942388,-0.048722161,-0.065082023,-0.18211672
0.0032342254,-0.0034747661,-0.0012246113,-0.043763725,-0.06575074,-0.2125808
0.0031112738,-0.003783739,-0.0013442037,-0.044203413,-0.070347762,-0.19932582
0.0029973568,-0.0037508428,-0.0012368906,-0.036545248,-0.061403795,-0.20327086
0.0032055071,-0.003764384,-0.0012357671,-0.034084608,-0.068720368,-0.21020465
0.0034550907,-0.0038916082,-0.0014733045,-0.054664003,-0.071207571,-0.23840291
0.0033525908,-0.0037792588,-0.0014890066,-0.064004558,-0.06161093,-0.23501861
0.0033004379,-0.0037868651,-0.0014122471,-0.049070715,-0.057799522,-0.23056237
0.003632407,-0.0038292243,-0.0014449874,-0.049134326,-0.06494909,-0.2510128
0.0036335816,-0.0040904875,-0.0016953659,-0.057508742,-0.070725049,-0.25795172
0.0036674878,-0.0038248714,-0.0013761865,-0.050709335,-0.074009385,-0.24672271
0.0037879012,-0.0042118355,-0.0014969139,-0.044354364,-0.069281681,-0.26617679
0.0036293907,-0.0043661578,-0.0013743594,-0.035800867,-0.06504774,-0.26370438
0.0036361762,-0.0045052803,-0.0014220911,-0.039718598,-0.077374564,-0.25859656
0.003610985,-0.0044304887,-0.0015511242,-0.046229486,-0.085610704,-0.24483839
0.0035000063,-0.0041556072,-0.0013029367,-0.038159758,-0.072547646,-0.24247632
0.0033642173,-0.0041866155,-0.0012885175,-0.038170421,-0.060642606,-0.24388894
0.0034784521,-0.0043357436,-0.0014513921,-0.045903768,-0.063415728,-0.26330902
0.0035953303,-0.0043220274,-0.0013907508,-0.043160874,-0.055627056,-0.27535329
0.0037511747,-0.0041522231,-0.0013913102,-0.048466785,-0.073920956,-0.24525928
0.0039604094,-0.0043432893,-0.0011553235,-0.030528562,-0.071310865,-0.259619
0.0039347677,-0.0041472471,-0.0010652055,-0.018606503,-0.066885091,-0.28443224
0.003372574,-0.0041608093,-0.0012094783,-0.015636034,-0.080372157,-0.24932977
0.0038466503,-0.0044234337,-0.0012883357,-0.021852492,-0.050048676,-0.33064304
0.0037969965,-0.00465519,-0.0014665998,-0.032696234,-0.059471544,-0.29396434
0.0038546843,-0.0044769479,-0.0015110938,-0.041607343,-0.074051596,-0.27474015
0.0038584096,-0.0044389071,-0.001450063,-0.043085783,-0.059745756,-0.28133006
0.0036088526,-0.0041695546,-0.0010554517,-0.014687347,-0.062460858,-0.26930536
0.0039033307,-0.0041995725,-0.0011312788,-0.018312084,-0.047594729,-0.31419611
0.004038332,-0.0044119847,-0.0012114391,-0.017750627,-0.078422333,-0.28168926
0.0047270386,-0.0047377022,-0.0010979504,-0.0035654613,-0.071417377,-0.3638333
0.0046794382,-0.0047242456,-0.00075166551,0.015943219,-0.06635313,-0.4091317
0.0047502369,-0.0050173786,-0.0007932971,0.0056774614,-0.08771829,-0.35681721
0.0049155203,-0.0051921122,-0.00089739002,-0.00015647451,-0.06711637,-0.40588632
0.004377681,-0.0049533847,-0.00093527399,-0.018055844,-0.080419662,-0.34455157
0.0046595575,-0.0052840689,-0.0010836423,-0.014280724,-0.06977633,-0.36232772
0.0047498016,-0.0055038549,-0.0013205723,-0.022298313,-0.095950305,-0.33111723
0.0048391583,-0.005393436,-0.0011924868,-0.020053287,-0.091950583,-0.33046381
0.0044203726,-0.0049982024,-0.0012196103,-0.02635769,-0.091540001,-0.27933214
0.0046637054,-0.0052441739,-0.0014260936,-0.035676262,-0.077691522,-0.32040972
0.0042588599,-0.0051902353,-0.0013660915,-0.026891647,-0.093159787,-0.28016321
0.004317614,-0.0053787366,-0.0016983345,-0.042861284,-0.099112172,-0.27699706
0.0047420633,-0.0056979716,-0.0016612406,-0.043251645,-0.06787366,-0.33333273
0.0043894058,-0.0055686648,-0.0016756215,-0.049366948,-0.07877553,-0.29235773
0.0046788185,-0.005588784,-0.0016802203,-0.041526671,-0.081527941,-0.31013537
0.004684124,-0.0055596813,-0.0016581021,-0.039505481,-0.085927172,-0.30544193
0.004791555,-0.0055069616,-0.0015508515,-0.038403666,-0.082124314,-0.32272996
0.004550493,-0.0055191614,-0.0014905966,-0.040959981,-0.082064768,-0.30947231
0.0044078117,-0.0054676097,-0.0013994527,-0.040213309,-0.076191999,-0.29489817
0.0044109562,-0.0053287395,-0.0013298744,-0.036119922,-0.081921265,-0.28657216
0.0045578617,-0.0051258249,-0.0011682727,-0.02973782,-0.097416291,-0.27266107
0.0048176211,-0.0050543499,-0.0010856691,-0.01638508,-0.081318721,-0.33839955
0.0047821235,-0.0052412552,-0.0010226978,-0.0073577478,-0.084696604,-0.34978423
0.0046084988,-0.0053284662,-0.00089847278,-0.00070856109,-0.081021592,-0.31663809
0.0047682529,-0.0053277837,-0.0010575726,-0.017793874,-0.084322441,-0.31988717
0.0047959467,-0.0054918078,-0.0011508819,-0.01906439,-0.09197164,-0.30253004
0.0049411191,-0.0052324729,-0.0009033027,-0.0095677021,-0.091098249,-0.31086662
0.0048304502,-0.0052518581,-0.00094584477,-0.017729724,-0.072480109,-0.31530266
0.0052211098,-0.0054782424,-0.0010523999,-0.018610444,-0.079288135,-0.34490561
0.0052547576,-0.0053253569,-0.0010253957,-0.018398612,-0.092432108,-0.32742367
0.0056179762,-0.0054968689,-0.00096249469,-0.013947851,-0.099184132,-0.34320301
0.0053328791,-0.0056191139,-0.0011499508,-0.022410442,-0.1071253,-0.31341485
0.0056282815,-0.0057600502,-0.0011156421,-0.0061847718,-0.097311521,-0.37291712
0.005385651,-0.0058489885,-0.0010603263,0.00066877748,-0.1110621,-0.33900472
0.0055535929,-0.0058724235,-0.0012474731,-0.019514028,-0.1063312,-0.35199011
0.0051730354,-0.0060355978,-0.0012161566,-0.018632854,-0.10315737,-0.33637058
0.0054882049,-0.0061137022,-0.0012941154,-0.024129822,-0.10047843,-0.35530628
0.0054813003,-0.0062368085,-0.0012806337,-0.017880589,-0.093487732,-0.36888741
0.0055748589,-0.0059077359,-0.0010562728,-0.0062714089,-0.092509102,-0.35365045
0.0059125386,-0.0060938811,-0.0010493741,-0.0096174823,-0.11109568,-0.34709684
0.0061003516,-0.0060052455,-0.00092073669,0.0016311709,-0.11601482,-0.35919263
0.0062745764,-0.0062795163,-0.0010209431,-0.018476892,-0.11284676,-0.37146417
0.0063454032,-0.0062590347,-0.00095625791,-0.018671044,-0.11158744,-0.38841903
0.0064427125,-0.0062918515,-0.00098533644,-0.011345146,-0.1232394,-0.39564975
0.0064240347,-0.006178439,-0.0010611736,-0.01737488,-0.12915659,-0.37465475
0.0063929554,-0.0061704333,-0.00093426696,-0.021059754,-0.12220574,-0.37440143
0.0067559018,-0.0062591437,-0.00089862739,-0.02263262,-0.12470822,-0.38981708
0.0066378408,-0.0062984711,-0.000927096,-0.032038766,-0.12465252,-0.38042717
0.0071888132,-0.0063674259,-0.00084299954,-0.030728972,-0.13496901,-0.39597677
0.0068867011,-0.0067642079,-0.0013198466,-0.051412899,-0.17918547,-0.33880722
0.0054778571,-0.006143855,-0.0014901803,-0.038514931,-0.22884931,-0.31901344
0.0068737754,-0.0066133905,-0.0012576842,-0.029974532,-0.1473062,-0.40535101
0.0086036152,-0.0072450885,-0.0015277753,-0.044607887,-0.10876935,-0.61708043
0.0082882874,-0.0075889296,-0.0014136474,-0.015257407,-0.13192345,-0.6140838
0.0082691166,-0.0079017885,-0.0017031133,-0.030402929,-0.13897533,-0.56891134
0.0084188397,-0.0079742156,-0.00172241,-0.033695844,-0.14914306,-0.56410249
0.0087971964,-0.0085951254,-0.0019778022,-0.044337623,-0.1642229,-0.53525697
0.0088516441,-0.0089065702,-0.0022593427,-0.05633589,-0.17423564,-0.53686312
0.0086566879,-0.008538058,-0.0022206555,-0.063034465,-0.2008454,-0.47558664
0.0088745088,-0.0085238347,-0.0019360725,-0.031137891,-0.18409829,-0.5642954
0.0083149017,-0.0090244347,-0.0022817918,-0.029259933,-0.1529067,-0.58849285
0.0085524779,-0.0088923865,-0.0020828017,-0.048530769,-0.17057289,-0.59197135
0.0090313645,-0.0093719385,-0.0023861379,-0.059734944,-0.17470238,-0.60950512
0.0091766467,-0.0090933091,-0.00227164,-0.062989489,-0.19348465,-0.57461753
0.0092014465,-0.0090664619,-0.0021411972,-0.062994173,-0.18253337,-0.57666783
0.0089907015,-0.009151916,-0.0022898204,-0.073878775,-0.18983044,-0.55174259
0.0091120751,-0.0092290737,-0.0023996714,-0.080297193,-0.1788875,-0.57270858
0.0090421335,-0.0092517402,-0.0024367357,-0.085558896,-0.18632608,-0.56316355
0.009381648,-0.0091754443,-0.0022185778,-0.078444622,-0.19389751,-0.54668378
0.0090590542,-0.0090726047,-0.0024156729,-0.086750657,-0.21501196,-0.51102694
0.0094052327,-0.0093281649,-0.0024927566,-0.085235656,-0.19924788,-0.55292286
0.0095301717,-0.0093874396,-0.0023367199,-0.07293226,-0.20439955,-0.55849305
0.0095606107,-0.0093871205,-0.0024338228,-0.078430506,-0.19545792,-0.57529944
0.010040409,-0.0094146865,-0.0022498762,-0.074843026,-0.20189483,-0.60172629
0.0099726017,-0.0096140485,-0.0022902567,-0.067613279,-0.1955209,-0.59999394
0.010004909,-0.0098709475,-0.0025196334,-0.082286109,-0.19726634,-0.59380521
0.010081524,-0.010183379,-0.0026493818,-0.079533983,-0.19244308,-0.59895348
0.0096496029,-0.0094204163,-0.0021835625,-0.075765092,-0.21473584,-0.55807815
0.0092374544,-0.00853146,-0.001380543,-0.031715443,-0.20098912,-0.53284782
0.009661516,-0.0088065232,-0.001600911,-0.018424632,-0.19498891,-0.59039496
0.009888244,-0.0089309896,-0.0016621976,-0.021561801,-0.19223269,-0.63671364
0.009505556,-0.0093389397,-0.0021605584,-0.035231621,-0.1978773,-0.62353633
0.0099558974,-0.0093395114,-0.0020356506,-0.037112052,-0.20017323,-0.64115219
0.010212993,-0.009357251,-0.0020970199,-0.044666959,-0.20195207,-0.63973845
0.010432628,-0.0092882013,-0.0019052572,-0.045877668,-0.20541016,-0.61943039
0.010244343,-0.009466363,-0.0019965212,-0.046813765,-0.21329448,-0.59885566
0.010755414,-0.0094998273,-0.0018068864,-0.036049496,-0.20612423,-0.65154185
0.010328025,-0.0094130735,-0.0017765808,-0.034272554,-0.22391753,-0.5960652
0.010774625,-0.0093686134,-0.0014625421,-0.021707059,-0.20000362,-0.63919008
0.009490413,-0.0094776072,-0.0020589349,-0.04076414,-0.24034135,-0.53902258
0.0091989401,-0.0095560074,-0.0024058734,-0.048662358,-0.236962,-0.53724665
0.010476831,-0.009839959,-0.0024768535,-0.063413395,-0.21496931,-0.61851608
0.010118566,-0.0098163923,-0.0024686875,-0.072184487,-0.21535156,-0.5806404
0.01105736,-0.010380448,-0.0028307147,-0.081532893,-0.22839357,-0.65553911
0.0098347732,-0.0089277369,-0.0018226961,-0.002927108,-0.24088963,-0.5869866
0.0084449695,-0.0075421627,0.00090855724,0.14551453,-0.17488545,-0.45250215
0.0088227452,-0.0072302602,0.001574429,0.16747225,-0.17681892,-0.48942781
0.0084020464,-0.0071201666,0.0015787957,0.16702833,-0.17120771,-0.47961325
0.0083790511,-0.007259637,0.0015072011,0.15769824,-0.18614167,-0.47179833
0.0085453731,-0.0071615781,0.0015655372,0.15261299,-0.19030406,-0.4815419
0.0089345286,-0.0073852673,0.0012853209,0.12884232,-0.20458942,-0.47904419
0.0095152044,-0.0077112546,0.0010691596,0.11249144,-0.21375543,-0.48814069
0.0094511571,-0.0073677216,0.00097705242,0.10473834,-0.20821004,-0.48075253
0.0090083277,-0.0071730908,0.00087711345,0.096180951,-0.20432867,-0.43682198
0.0093038791,-0.0075905416,0.00052322212,0.086995476,-0.21356257,-0.47044206
0.0095332427,-0.0078691788,0.00026683162,0.069465833,-0.22004281,-0.49078749
0.0094635668,-0.007735299,0.00033974187,0.070601158,-0.22853841,-0.45851669
0.0096781315,-0.0076091876,0.00057611551,0.077318797,-0.23010688,-0.47813181
0.008987572,-0.0076955093,0.0003572843,0.078563106,-0.23309264,-0.4519931
0.0094389574,-0.0080092913,0.00038570685,0.08884654,-0.22446199,-0.49239184
0.0094930838,-0.0081390617,0.00042078895,0.089798447,-0.2173358,-0.49842229
0.0094307897,-0.0082062716,0.00033981195,0.086712574,-0.22632853,-0.48869108
0.0098476446,-0.0085828866,1.8412148e-05,0.071934746,-0.22047778,-0.52031273
0.0099027193,-0.0086380197,-5.9441755e-05,0.063607903,-0.23079318,-0.50937605
0.01024628,-0.0087680196,-0.00010617981,0.064572757,-0.22121464,-0.52358105
0.010008668,-0.0087669336,6.6026229e-05,0.064887444,-0.22791339,-0.49173019
0.010136657,-0.0085160714,0.00058235465,0.095231041,-0.21526202,-0.53666031
0.0098687586,-0.0093404969,-0.00010053753,0.092910001,-0.22238419,-0.58708705
0.009371057,-0.0096780986,-0.00035911329,0.069597353,-0.23451982,-0.54827889
0.010034884,-0.0097576836,-0.00055664072,0.075743046,-0.21353905,-0.61799704
0.0097366434,-0.0098851456,-0.00062697704,0.060138069,-0.23936305,-0.56766884
0.010268749,-0.010079289,-0.00070237906,0.05964053,-0.23607904,-0.58636622
0.0099212943,-0.0099910582,-0.00066466474,0.059010335,-0.24322585,-0.5340472
0.010226789,-0.0097479095,-0.00041496415,0.075189875,-0.23810867,-0.56164137
0.010199395,-0.010042415,-0.00076875256,0.054552237,-0.23746401,-0.55346217
0.010531917,-0.010507424,-0.0011199997,0.036085463,-0.23633219,-0.57056743
0.010419625,-0.010712871,-0.0012460323,0.024850378,-0.24749041,-0.5376052
0.010305877,-0.010825969,-0.0013536582,0.024180911,-0.25049276,-0.52376876
0.010170438,-0.010837612,-0.0012919663,0.03031049,-0.24055614,-0.53168683
0.010399587,-0.011165137,-0.0012766127,0.047094054,-0.23711195,-0.5611148
0.010544433,-0.011535647,-0.0015507541,0.033387731,-0.24629199,-0.57500998
0.010837742,-0.01153742,-0.0017268251,0.022485493,-0.2532146,-0.58106182
0.01082924,-0.0117152,-0.0017698344,0.022411779,-0.26598747,-0.57480401
0.010809111,-0.011452708,-0.0014104729,0.039625987,-0.27642296,-0.55673799
0.010796246,-0.011629948,-0.0012264314,0.050957017,-0.26709275,-0.57679478
0.011078228,-0.011875445,-0.0011362829,0.059703444,-0.27249628,-0.58353815
0.011203329,-0.011851983,-0.0010688994,0.064808773,-0.27815577,-0.58219355
0.011030008,-0.011836842,-0.00089664147,0.075358122,-0.27572062,-0.5685675
0.011235713,-0.012033764,-0.00097343455,0.079497205,-0.27680538,-0.58127899
0.011217228,-0.011919833,-0.00097133335,0.079535187,-0.27824421,-0.58187327
0.011471259,-0.012023682,-0.00096442068,0.076829885,-0.27713163,-0.60195449
0.011575327,-0.012168542,-0.00098014693,0.081565952,-0.29131591,-0.59886089
0.011895827,-0.01229602,-0.0010921434,0.068117812,-0.2917977,-0.6147814
0.011962504,-0.012335062,-0.0013312742,0.048237068,-0.29648818,-0.60941315
0.012336885,-0.012488672,-0.0012804912,0.040801521,-0.2971939,-0.63281501
0.011934898,-0.012290423,-0.0013843099,0.03396129,-0.29893229,-0.59691077
0.012204927,-0.012384884,-0.0014532257,0.030527579,-0.30339153,-0.60750321
0.012497439,-0.012619338,-0.0013379604,0.036069582,-0.30832552,-0.60237126
0.012124666,-0.012521016,-0.0013298495,0.06150911,-0.27523372,-0.65020303
0.012438316,-0.01275464,-0.0016513694,0.044262788,-0.28926716,-0.65890721
0.01279554,-0.0131928,-0.002178642,0.005595063,-0.30489969,-0.6677295
0.012624909,-0.012963779,-0.0019804274,0.03112496,-0.30799013,-0.65200006
0.012465338,-0.012815832,-0.0018707541,0.033097988,-0.30149919,-0.63983128
0.012575971,-0.013370494,-0.0021276306,0.025043015,-0.2885795,-0.67652321
0.012704144,-0.013388406,-0.0019799881,0.027488902,-0.30661266,-0.65793668
0.012695429,-0.013386914,-0.0020597402,0.024574159,-0.31549471,-0.6364903
0.012631839,-0.013227913,-0.0019581804,0.026098402,-0.3209596,-0.62609658
0.012570264,-0.013265988,-0.0017659444,0.039078187,-0.31379296,-0.64540807
0.012568919,-0.013116793,-0.0017512707,0.040681133,-0.32167859,-0.64287065
0.012735794,-0.013003588,-0.0018083384,0.03904301,-0.31957731,-0.65199617
0.012742867,-0.013042168,-0.0018477081,0.034054848,-0.3193724,-0.64113696
0.012877688,-0.012872579,-0.0017310546,0.03694699,-0.33386685,-0.64215503
0.012787753,-0.012753818,-0.0017888773,0.032126599,-0.32044758,-0.64919082
0.012789795,-0.013092511,-0.0019497399,0.026711819,-0.3114739,-0.67804852
0.013147178,-0.013158671,-0.0018269143,0.023707683,-0.32178011,-0.68419372
0.012913538,-0.013042227,-0.0020471146,0.019436669,-0.32258179,-0.66910229
0.013077652,-0.013055591,-0.0020262768,0.020095806,-0.31167231,-0.68616588
0.012933116,-0.013122422,-0.0019440468,0.018593407,-0.31049544,-0.68231273
0.013043326,-0.013207098,-0.0020705834,0.0074725267,-0.32345281,-0.69253491
0.013067983,-0.01311554,-0.0022354672,-0.012468383,-0.33187931,-0.67102679
0.013299236,-0.013258568,-0.0021434423,-0.0046517284,-0.33287295,-0.68410569
0.013171458,-0.013456923,-0.0023584974,-0.010918026,-0.33377728,-0.6790881
0.013521832,-0.013281512,-0.0022455548,-0.0064517414,-0.33591462,-0.69702861
0.013184674,-0.013064581,-0.0020013913,0.0040154711,-0.33669685,-0.66778468
0.013723992,-0.013298808,-0.0020365242,0.0066658703,-0.34111198,-0.71860254
0.013567105,-0.013363968,-0.0021994405,0.011164024,-0.33670103,-0.7456564
0.013338246,-0.013165362,-0.0019590842,0.0057315238,-0.32014278,-0.72690916
0.013176199,-0.013080554,-0.0020769466,-0.0018504488,-0.33262627,-0.71813543
0.013149344,-0.012863143,-0.0021709419,-0.018337602,-0.35352651,-0.70764993
0.014077023,-0.013511826,-0.002461647,-0.020515782,-0.34158381,-0.78138376
0.013583906,-0.013231587,-0.0023796354,-0.03092936,-0.35549059,-0.71052769
0.014390053,-0.013579625,-0.0023978221,-0.016887145,-0.36216815,-0.74709054
0.014180163,-0.013522492,-0.002507124,-0.022295539,-0.37017447,-0.72285852
0.014741235,-0.013610949,-0.0022920166,-0.015150411,-0.37297118,-0.75408253
0.014770306,-0.013897805,-0.0027298449,-0.034486922,-0.3779003,-0.74115748
0.013336548,-0.013518858,-0.0030496792,-0.029169112,-0.4543575,-0.60491088
0.013185508,-0.013131023,-0.0028582985,-0.009503878,-0.48020489,-0.62402185
0.01526018,-0.013730249,-0.0027520281,-0.011764423,-0.36987417,-0.79790071
0.014647148,-0.014477497,-0.0030337225,0.0048849917,-0.33568315,-0.81417129
0.015226714,-0.014373908,-0.0033377756,-0.037390758,-0.35735021,-0.8198241
0.015319541,-0.014540958,-0.00350511,-0.052100942,-0.3794553,-0.76674711
0.015760427,-0.014361273,-0.003383906,-0.073686062,-0.4034754,-0.7043207
0.015752499,-0.014648402,-0.0035131266,-0.075862194,-0.40494588,-0.69737634
0.015669651,-0.014467775,-0.0033491624,-0.063302074,-0.42098696,-0.68137331
0.015797663,-0.014687896,-0.0034930167,-0.058524076,-0.42752677,-0.69724112
0.016023781,-0.014773866,-0.0036442007,-0.0555185,-0.42903675,-0.7253221
0.015877529,-0.014563353,-0.0035554046,-0.065888483,-0.43925524,-0.69543241
0.016009275,-0.014671856,-0.0034528008,-0.060572613,-0.4270856,-0.72372626
0.016003605,-0.014754851,-0.0035726441,-0.068186141,-0.43403193,-0.7432957
0.016352682,-0.01488265,-0.0036901041,-0.070458388,-0.43116496,-0.7649266
0.016751354,-0.01513376,-0.0037295619,-0.064493158,-0.4417492,-0.78670791
0.016673024,-0.015090941,-0.0037462644,-0.072313111,-0.44814161,-0.76898297
0.016692849,-0.015177284,-0.0036704354,-0.065349626,-0.45727367,-0.77175508
0.016648957,-0.014926496,-0.0036015971,-0.057721491,-0.44972485,-0.77293114
0.016526029,-0.015100053,-0.0034810753,-0.052242191,-0.44667563,-0.77224013
0.016304239,-0.015087124,-0.0036168482,-0.055951198,-0.44145721,-0.74495415
0.016667843,-0.015140851,-0.0036629568,-0.06472956,-0.4376685,-0.77336523
0.016637681,-0.015354977,-0.0035834953,-0.062611935,-0.44049505,-0.7648673
0.016735989,-0.015524666,-0.0036887336,-0.054720058,-0.44565147,-0.78742871
0.016936085,-0.015518439,-0.0035663885,-0.054344116,-0.4418789,-0.80655466
0.016854041,-0.01556048,-0.003580729,-0.057521824,-0.44264278,-0.8047268
0.017139626,-0.015793622,-0.0037695441,-0.068279359,-0.43745872,-0.80982241
0.017373705,-0.016015532,-0.0040990315,-0.089544531,-0.45813385,-0.81632745
0.017746479,-0.016118251,-0.0039841777,-0.092811144,-0.45989764,-0.82266317
0.01749491,-0.016121741,-0.0039824293,-0.072415958,-0.46006441,-0.80301063
0.01741613,-0.015736988,-0.0041647712,-0.053983377,-0.40452489,-0.90101571
0.016036015,-0.015686756,-0.0042532441,-0.035210573,-0.50653173,-0.79031837
0.017059252,-0.016102522,-0.0041421146,-0.024058347,-0.45983273,-0.89068145
0.017893379,-0.016521795,-0.0041936829,-0.04043405,-0.42446041,-0.93849817
0.017953166,-0.016531096,-0.0041967396,-0.030512526,-0.449842,-0.9049992
0.018258681,-0.016723305,-0.0040594465,-0.033459568,-0.44819777,-0.89829164
0.018235013,-0.016955707,-0.0040466251,-0.036125416,-0.44899356,-0.86769145
0.018641289,-0.016866567,-0.0040154678,-0.035430588,-0.46289574,-0.84966013
0.018584414,-0.016855443,-0.0037935348,-0.03368186,-0.48559645,-0.80169537
0.018534386,-0.016787661,-0.0039100999,-0.042879459,-0.49725041,-0.7907022
0.018520033,-0.016618563,-0.0039211763,-0.049265665,-0.49263941,-0.78138208
0.018105129,-0.016662317,-0.0038724488,-0.041108213,-0.4991521,-0.75914323
0.018495352,-0.016675534,-0.0038097116,-0.034914915,-0.51054913,-0.76259215
0.017345855,-0.016836333,-0.0041560735,-0.023452137,-0.54732507,-0.69134136
0.017831013,-0.016457476,-0.0039046936,0.0018646518,-0.50513696,-0.74946018
0.017975266,-0.016151495,-0.0032748534,0.0084681519,-0.4727039,-0.74333965
0.018042272,-0.016387694,-0.0033193414,0.010908312,-0.50062602,-0.75709975
0.018146567,-0.016561076,-0.0035378086,0.0012787236,-0.48323882,-0.76274903
0.018674274,-0.01683181,-0.0034189613,0.021309034,-0.50179844,-0.78898928
0,0,0,0,0,0
-0.0021810893,0.00088493399,0.0010006309,0.027440149,0.010904427,0.38877421
-0.0017213206,0.00016663851,0.00089171174,0.021174927,0.029465132,0.30152017
-0.0018775195,-9.7892663e-05,0.00063667539,0.011838256,0.022572542,0.32522118
-0.0011562105,-0.00070493086,0.00052395996,0.014441358,0.036837255,0.24050047
-0.0012357916,-0.00056424953,0.00068924034,0.015230017,0.030744868,0.26403588
-0.00072508435,-0.00073631019,0.00063499522,0.0092210826,0.032801268,0.21995519
-0.0013362765,-0.00071762541,0.00061173213,0.0036282144,0.013526852,0.31502228
-0.00060872017,-0.00060856664,0.00062231111,0.0067207842,0.026028868,0.21564138
-0.0012608288,0.00025327334,0.0018237348,0.068102267,-0.012776311,0.30445404
-0.0025414494,0.00031317585,0.0013567127,0.042453913,-0.0023995726,0.35920901
-0.0016822502,-7.8800017e-05,0.00064663642,0.0071777978,0.04323063,0.24667002
-0.0013912674,0.00012495123,0.0008967313,0.027607537,0.030149891,0.23816289
-0.0012506611,7.6818902e-05,0.0010465184,0.033478968,0.037717712,0.22813408
-0.0011263001,-0.00033736526,0.00098773389,0.037772689,0.038323615,0.21874937
-0.00098368988,-0.00028168513,0.0012553309,0.052417668,0.031274393,0.24039397
-0.00032146866,-0.00051453089,0.0013218144,0.04937021,0.022587024,0.22395708
-0.0010310151,-0.00052658359,0.0013893408,0.048936874,-0.019212219,0.34157306
-0.00068173092,-0.00043793458,0.001208966,0.043824099,0.012593012,0.23519301
-0.00081003787,-0.00061257475,0.0013589631,0.049888464,0.019940414,0.23541209
-0.0009778497,-0.00026426245,0.0014972395,0.045631515,-0.001750689,0.27205565
-0.00060645016,-0.00016898413,0.0016066745,0.038044238,0.00037727673,0.26928101
-0.00037001544,-0.00018706341,0.0014592998,0.0293911,-0.0036010313,0.27499946
-0.00018433083,-0.0001754062,0.001499691,0.030151302,0.008907566,0.26139247
-0.00014810235,-8.3612606e-05,0.001566498,0.03438973,-0.0068260237,0.26938032
-0.00016210276,-6.3838475e-06,0.0016736018,0.037858083,0.003177378,0.26464288
-0.00011613867,-5.035763e-05,0.0017337548,0.044062996,-0.022582756,0.28510021
-0.00047888034,0.00019098964,0.0019505058,0.049111848,-0.0078192547,0.30017579
-0.0015644398,4.3195139e-05,0.0019774275,0.089241416,-0.072225622,0.3529291
-0.00091630768,0.00092479616,0.0021683447,0.074916369,-0.05305807,0.2879092
0.00045387653,0.0013829585,0.0032794708,0.10825392,0.010642642,0.1498527
0.00061794973,0.0009260397,0.0037386009,0.1496327,-0.011306383,0.14873891
0.00059548783,0.00084288592,0.003753451,0.14522831,-0.0025334861,0.15291479
0.00081630539,0.00061540711,0.003579131,0.1394376,-0.00098745476,0.14530492
0.00088092794,0.00058617079,0.0036187229,0.14592825,0.0054127924,0.15108809
0.0007887641,0.0004630879,0.0037524075,0.14492582,-0.017804965,0.21446785
0.00077152326,0.00062293296,0.0037640059,0.12748257,-0.018654756,0.20753612
0.00039502612,0.00055666952,0.0038470284,0.13708193,-0.023289416,0.22489838
0.00053981593,0.00046072949,0.0039999441,0.15088463,-0.023499032,0.21538313
0.0004336395,0.00049479513,0.0041313596,0.16204266,-0.032599498,0.21577075
0.0006275572,0.00061177558,0.0040421427,0.15846442,-0.036066167,0.19423128
0.00082892328,0.00059471011,0.0039608389,0.15538484,-0.048822757,0.19073402
0.0010652007,0.00075373213,0.0038980022,0.14284357,-0.048868563,0.18428121
0.00095777103,0.00075442458,0.0039514957,0.13989335,-0.048297602,0.2108937
0.0010194058,0.00064883025,0.0038455783,0.13113544,-0.043764802,0.2145637
0.0008949959,0.00066439804,0.0037802963,0.12424319,-0.039616093,0.21606808
0.00066983613,0.00060669606,0.0039013522,0.13274479,-0.029484183,0.21569937
0.0011332989,0.00033984016,0.0036919586,0.12020717,-0.036778906,0.20163521
0.00091984141,0.00037244649,0.0038518093,0.13265434,-0.044673426,0.21483772
0.00076310029,0.00061224366,0.0039535921,0.13715628,-0.039317705,0.21830083
0.00087990739,0.00052664734,0.0038959126,0.13569751,-0.039187001,0.2107534
0.00089931609,0.00081611961,0.0039752898,0.13808551,-0.042164347,0.21024135
0.00094599431,0.00080900338,0.0040955297,0.1398856,-0.038435769,0.20830219
0.0009668533,0.00072039006,0.0041471609,0.14078542,-0.046368651,0.21357295
0.0010624435,0.00078381609,0.0040604234,0.13405285,-0.053540387,0.21618178
0.0010217636,0.00081453394,0.0041592361,0.13710844,-0.062673256,0.23708758
0.0010037399,0.00073822675,0.0041272693,0.13896236,-0.049353863,0.20975345
0.00066016673,0.00081799222,0.0043766374,0.15907959,-0.032875376,0.18089762
0.00048606552,0.00097296534,0.0043853861,0.15540671,-0.034024747,0.20208304
0.00084213253,0.0010000021,0.0043636366,0.15285152,-0.028211417,0.16327448
0.00085699671,0.0011140714,0.0044069482,0.15376418,-0.035119385,0.16405662
0.0010196942,0.0010997194,0.0044148663,0.14614419,-0.037686942,0.17630323
0.0012895742,0.0013328784,0.0045621522,0.15506986,-0.055135384,0.17616007
0.0011236671,0.001308494,0.0046620964,0.16385925,-0.045263247,0.17556746
0.0012175428,0.0014085633,0.0046081466,0.15635778,-0.042880028,0.18514283
0.0013010659,0.0012297069,0.004439513,0.15588871,-0.057775274,0.20853118
0.0013304388,0.0011232373,0.0044128527,0.15692611,-0.060318456,0.21952861
0.0012676582,0.0011518383,0.00456734,0.16691643,-0.048936345,0.20096934
0.0012227215,0.0012005121,0.0046627027,0.16810717,-0.052749951,0.19431055
0.0010841624,0.0012220056,0.0046059574,0.16819867,-0.053165365,0.19262663
0.0010281846,0.0011586274,0.0044899601,0.16089369,-0.053333517,0.20372221
0.0013869024,0.0011671412,0.0043360488,0.15412938,-0.066210665,0.19305902
0.0013928967,0.001359231,0.0044240922,0.14820719,-0.07403713,0.19688735
0.0013939227,0.001297506,0.004563789,0.15801039,-0.070025412,0.2037421
0.0016893311,0.0011892535,0.0045157086,0.15505941,-0.072595016,0.19296443
0.0014174095,0.0012569009,0.0044716513,0.15746862,-0.070496264,0.22581398
0.0013251265,0.0015155143,0.0045694252,0.16502667,-0.06119302,0.21522973
0.00094982771,0.001057981,0.004548197,0.18170859,-0.074493158,0.22922935
-0.00077884438,0.0017557772,0.0047354502,0.21653829,-0.14772335,0.29393114
0.0006273869,0.0029756454,0.005320355,0.2145826,-0.083677977,0.18029939
0.0011064797,0.0028255602,0.0055060016,0.21701764,-0.06030273,0.17517118
0.0012437932,0.0025986095,0.0054502445,0.2126316,-0.065435239,0.18713139
0.0013677681,0.0025349852,0.0055657268,0.21222079,-0.072723421,0.20466327
0.0016013976,0.0023944639,0.0055650361,0.20500737,-0.057958785,0.19718739
0.0015277116,0.0021947126,0.0055553444,0.19988511,-0.046839492,0.21654643
0.0013600011,0.0022526988,0.0054340512,0.19875986,-0.067495404,0.25811013
0.0014415234,0.0023757942,0.0054968271,0.2002578,-0.076535556,0.25035432
0.001243572,0.0022351828,0.0052891136,0.19382942,-0.080594116,0.2417073
0.0013831252,0.0022583646,0.0051231627,0.18518103,-0.089977118,0.22680303
0.0013350666,0.0020636095,0.0048726055,0.17783493,-0.092867602,0.2233211
0.0015308494,0.0020962898,0.0049970224,0.18657546,-0.098496612,0.2016772
0.0018144794,0.0022365487,0.0052036771,0.19150002,-0.095997555,0.17563664
0.0019730573,0.0020942989,0.0050139663,0.18198322,-0.099334687,0.15777274
0.0019364624,0.002107876,0.0051390469,0.18695791,-0.10991086,0.18757594
0.0015666765,0.0019616907,0.0052358132,0.19688656,-0.097748128,0.21010149
0.0015493798,0.0019060589,0.0051916516,0.20803102,-0.089089578,0.21450464
0.0015845546,0.0021809443,0.0056533232,0.22848395,-0.077283288,0.17090305
0.00099016142,0.0028585049,0.0063771427,0.25919243,-0.072861351,0.21803545
0.00066763636,0.0032342651,0.007164559,0.29798507,-0.076951213,0.28225962
0.00051248361,0.0023201045,0.0069675816,0.31162916,-0.076502988,0.26730726
-0.00039797668,0.002087353,0.0064841237,0.31217859,-0.15242529,0.4033788
0.0007022802,0.0022651275,0.0064221805,0.28416327,-0.10273187,0.32234552
0.0011609716,0.0020710942,0.0062710627,0.2769429,-0.093438314,0.3056983
0.0010723294,0.0018752744,0.0062352771,0.27610087,-0.093979352,0.32141558
0.0012468046,0.0019606431,0.0063396223,0.27591513,-0.076022848,0.29663929
0.0011696885,0.0019078304,0.0064421214,0.28408027,-0.074673603,0.29927672
0.0012257103,0.0019550459,0.0066536636,0.28206487,-0.079835558,0.31317857
0.0011384462,0.001772094,0.0064526126,0.28090674,-0.11471592,0.35292811
0.0017975265,0.0019705877,0.0062376582,0.26614018,-0.12666522,0.30607892
0.0013278979,0.0021764217,0.0066531632,0.29383771,-0.12518398,0.34240816
0.0011921747,0.0019916355,0.0066043732,0.29358321,-0.1187416,0.33212301
0.0013989587,0.0017979891,0.0065301093,0.29083758,-0.12305357,0.31037772
0.0016422023,0.0018716425,0.0066009643,0.29572266,-0.12833684,0.31003364
0.0017100672,0.001880784,0.0065461986,0.2917478,-0.13599126,0.32480544
0.0014993028,0.002066174,0.0066044397,0.29103256,-0.1421073,0.35863561
0.0016588687,0.0020621072,0.0067595933,0.29307278,-0.12659547,0.32645259
0.001662336,0.0019890404,0.0069132296,0.30022978,-0.12887538,0.32466705
0.0016947129,0.0020142978,0.0069152435,0.29755368,-0.12423622,0.30893466
0.001612851,0.0021422636,0.0070177897,0.30173672,-0.12934414,0.31406123
0.0015215812,0.0021218786,0.0072036088,0.30960423,-0.12961428,0.31827467
0.0016583579,0.0021891128,0.0072008581,0.31518086,-0.1181195,0.29109931
0.0014790574,0.0023598096,0.0073945556,0.32505915,-0.10827069,0.30969622
0.0015326624,0.0022841204,0.007406695,0.32241397,-0.12228215,0.3223359
0.0018259605,0.0021209151,0.0073225876,0.32184387,-0.11716453,0.28793314
0.0019266211,0.0024210492,0.0074429976,0.33119321,-0.12730101,0.28336319
0.0017742421,0.0024391702,0.0075610347,0.33021636,-0.11297909,0.2968386
0.0018293886,0.0022792264,0.0074948557,0.32884076,-0.11874799,0.28106817
0.0015083794,0.0024604965,0.0075920434,0.32632667,-0.11703636,0.29919869
0.0019201454,0.0026140377,0.0077152675,0.3292059,-0.12291539,0.28643432
0.0020636694,0.0026031444,0.0077774798,0.33688131,-0.13253736,0.28657197
0.0020197031,0.0024919248,0.0079041147,0.33910013,-0.13668686,0.30239486
0.0019141015,0.0025439643,0.0079802924,0.34294788,-0.14541229,0.32295227
0.0018256903,0.0026337001,0.0079006545,0.33890729,-0.13945457,0.32160035
0.0018238818,0.002418273,0.0079976597,0.34883846,-0.1385192,0.318304
0.001884157,0.0024548112,0.0079769284,0.35304354,-0.1556391,0.32941423
0.0021021364,0.0026053147,0.0082375576,0.3600605,-0.15561431,0.32963544
0.00051571775,0.0026004161,0.0081290694,0.37850996,-0.19834212,0.41361891
0.0011472986,0.0028617282,0.0080961746,0.36317391,-0.15713632,0.36349749
0.0016093034,0.0026866853,0.0081354109,0.35603144,-0.13662611,0.35086554
0.0017985956,0.0028520556,0.008115271,0.35527263,-0.1319699,0.34045795
0.0018972811,0.0028272006,0.0081276983,0.34963311,-0.13624435,0.35312975
0.0021142456,0.0028483915,0.0082025229,0.35043578,-0.13613906,0.34331146
0.0022774875,0.0027005239,0.008199553,0.34798109,-0.13951189,0.35264081
0.0019494186,0.0026372024,0.0082259709,0.35436291,-0.14521704,0.35916279
0.0021084019,0.0026166627,0.0082169404,0.36171137,-0.16333189,0.36370729
0.0017205122,0.002619792,0.0080912262,0.35521733,-0.16459358,0.38516982
0.0020466595,0.0028196328,0.0082291925,0.35370624,-0.16165824,0.36742285
0.0019974588,0.0030541009,0.0085126859,0.37158955,-0.15353516,0.33887336
0.0015847001,0.0031463878,0.0088019494,0.39200319,-0.14568321,0.35166123
0.0019245105,0.0029165694,0.0087582846,0.39700673,-0.16197131,0.34684647
0.0022285912,0.0031211758,0.0087346056,0.39013288,-0.1610188,0.3065406
0.0018949656,0.0029436165,0.0087890884,0.38540869,-0.1677106,0.34045246
0.0021221845,0.0028134283,0.0086643798,0.37887424,-0.17116216,0.31586635
0.002025873,0.0028312475,0.0087989493,0.3843719,-0.17151098,0.3196355
0.00070944753,0.0031539426,0.0089989236,0.40079298,-0.20258712,0.41223949
0.0019080167,0.003361545,0.008962075,0.38420106,-0.16723036,0.34357572
0.0019410777,0.0031269633,0.0089642012,0.38326077,-0.16180728,0.34024127
0.0019477657,0.0031773781,0.00906178,0.38677129,-0.15829171,0.33894873
0.0023001117,0.0031848663,0.0092044696,0.38651077,-0.16067654,0.34992115
0.0022470245,0.0032008348,0.0092973074,0.39501781,-0.16459946,0.36981165
0.00256968,0.0031578565,0.0093101348,0.38566219,-0.16839848,0.35402614
0.0022110094,0.0028413428,0.009092164,0.37980787,-0.17393121,0.38353915
0.0024998728,0.0032888847,0.0090769105,0.37664666,-0.18904676,0.36455847
0.0021365162,0.0037690949,0.0093985977,0.38240701,-0.20112294,0.40516134
0.001393753,0.003967157,0.0094852493,0.38822491,-0.18912848,0.42811548
0.0014119892,0.0042401985,0.0092667134,0.37295168,-0.17335507,0.38359532
0.0013672018,0.0042172628,0.009215732,0.36202993,-0.17785792,0.38988803
0.0013337786,0.003924819,0.0091226852,0.36228068,-0.17270129,0.37747192
0.0013260081,0.0035968321,0.0086545598,0.343123,-0.16605564,0.37167733
0.0015163512,0.0035312041,0.0087656703,0.36048485,-0.1587356,0.35173099
0.0015441028,0.0032272371,0.0088396753,0.36696005,-0.17147163,0.37189636
0.0016689022,0.0031105342,0.0086101509,0.35677074,-0.18526237,0.38504002
0.0021474783,0.0032141759,0.0085625336,0.35170975,-0.19478715,0.36628386
0.0019113933,0.0032347153,0.0086607276,0.35545327,-0.19302394,0.38387666
0.0014964804,0.0032494932,0.0086628938,0.3544666,-0.18534698,0.39181029
0.0017356808,0.0032086031,0.0086031678,0.34718872,-0.16387844,0.35499351
0.0017884756,0.0031827253,0.0086717105,0.35298697,-0.1793615,0.35489371
0.0022434686,0.0032201449,0.0085820738,0.34443799,-0.17786124,0.34000366
0.0018806634,0.0036426177,0.0089815077,0.36574923,-0.18972098,0.35814013
0.0018455708,0.0037990116,0.0089924629,0.36518444,-0.17517982,0.36050575
0.0017490289,0.0036957191,0.0091191714,0.38104818,-0.19139068,0.35877523
0.0017021512,0.0036509832,0.0089125555,0.36872939,-0.1806248,0.36564506
0.00077897964,0.0038878281,0.0095698667,0.43745017,-0.31046395,0.41479273
0.0012077114,0.0046880391,0.010588293,0.46906886,-0.27750142,0.42942527
0.0014312035,0.0041189401,0.010293502,0.44323853,-0.15940664,0.42384984
0.0014430436,0.0041465356,0.010373985,0.4437863,-0.18568067,0.40528192
0.0014936873,0.0039829414,0.010166673,0.43219532,-0.17955263,0.43354362
0.0020159383,0.0038644732,0.010115928,0.42007636,-0.18810353,0.39527558
0.0017775399,0.0034973722,0.010020969,0.40549168,-0.17462803,0.45886104
0.0021547207,0.0037186213,0.009768951,0.39708046,-0.21305651,0.45239567
0.0014539617,0.0037159616,0.0097727255,0.40886961,-0.220077,0.52429514
0.001584736,0.0034716078,0.0095155347,0.40049566,-0.21372134,0.4702585
0.0016011379,0.0032522022,0.0093486421,0.39281448,-0.21692882,0.48133934
0.0019651989,0.0029650036,0.0092170047,0.38472629,-0.20611797,0.39680451
0.0014305044,0.0033607277,0.0098084319,0.41545348,-0.2221728,0.48648433
0.0020208162,0.0031267353,0.0098191813,0.42550543,-0.2334896,0.34789297
0.001650781,0.0032444548,0.0098355742,0.43109192,-0.25936629,0.44324723
0.00083264115,0.0031242132,0.01003359,0.44062805,-0.24727576,0.56614768
0.00089523757,0.0027830339,0.0098273435,0.44298474,-0.21469564,0.47232513
0.0011179905,0.002504748,0.0094316414,0.42181056,-0.21372369,0.46279808
0.001165735,0.0019319157,0.0091624469,0.41505271,-0.20183173,0.43605805
0.001252083,0.0016304435,0.008988844,0.41348597,-0.20386697,0.42941994
0.0014582504,0.0019452943,0.0090273076,0.39920247,-0.18932731,0.41071659
0.0011661238,0.0019953234,0.0093595413,0.41556344,-0.1792173,0.4510504
0.00063301852,0.0018975014,0.0093327052,0.42754724,-0.22006694,0.49990418
0.0014029544,0.0021805115,0.0092705268,0.41462981,-0.19729829,0.43781773
0.0014276142,0.0019231524,0.009270543,0.41353967,-0.19905372,0.44527624
0.0016078351,0.0021061277,0.0091843963,0.40733219,-0.21044072,0.44099592
0.0014227271,0.0024520301,0.0095293293,0.4281896,-0.20896133,0.46238568
0.0013710413,0.0022604713,0.0091072056,0.40019425,-0.20394209,0.47770367
0.0015803489,0.0019561536,0.0089002417,0.38858046,-0.20543408,0.46799776
0.0015223675,0.0021281665,0.0097952087,0.46175819,-0.2901444,0.53922937
-0.00057876011,0.0024752676,0.011922687,0.65570886,-0.37341276,0.78338647
-0.0027568102,0.002730551,0.013035777,0.69267998,-0.17831035,0.77161759
-0.0043764065,0.0025758391,0.012771719,0.66965972,-0.16907036,0.83121871
-0.0045985701,0.0028354054,0.012437314,0.64905849,-0.11885445,0.79223061
-0.0041510207,0.0026938017,0.012007683,0.61318707,-0.087942233,0.76474317
-0.0041753789,0.0023612031,0.011640979,0.59450765,-0.090468003,0.77478408
-0.0040074688,0.0022044523,0.011427186,0.5778381,-0.1071297,0.82786447
-0.0040137831,0.0020447393,0.011185125,0.56216038,-0.10129723,0.8367061
-0.0038640582,0.0019021731,0.011381623,0.56092001,-0.089930083,0.83801882
-0.0043420623,0.0018437664,0.011223578,0.5542987,-0.091378754,0.86735325
-0.0043969821,0.0016692624,0.010788392,0.5409619,-0.092057686,0.85486506
-0.0047948893,0.0017422157,0.010863218,0.5463202,-0.095714684,0.86674906
-0.0044520315,0.0018710969,0.010787573,0.54098817,-0.095967261,0.85743056
-0.0041645604,0.001773521,0.010871861,0.54591691,-0.10621786,0.83772389
-0.0040959667,0.0018534654,0.011000191,0.54519223,-0.10528946,0.83647197
-0.0041125431,0.0020195141,0.01097348,0.54356581,-0.099328207,0.8362659
-0.0041411328,0.0019391943,0.010982233,0.54603329,-0.10964888,0.86498902
-0.0039306902,0.0018128827,0.010914628,0.54021098,-0.10081732,0.84511243
-0.003649569,0.0017051707,0.01105884,0.54642399,-0.092109983,0.81595376
-0.0044763444,0.0019721408,0.011218938,0.54604824,-0.10545585,0.88031652
-0.0040600094,0.0020002595,0.011325453,0.56592246,-0.095318244,0.85494798
-0.0046871601,0.0022678844,0.011383461,0.56675079,-0.10061964,0.91831806
-0.00452763,0.0027584518,0.011446552,0.56329644,-0.069911255,0.85772863
-0.0039327368,0.0027138154,0.011669815,0.60745682,-0.090434225,0.75718223
-0.0050632609,0.0025782951,0.011493489,0.59475424,-0.083210409,0.87357671
-0.0051162393,0.0023511183,0.011110136,0.57915464,-0.082311585,0.87641571
-0.0053391102,0.0023785942,0.011304743,0.59291012,-0.062364713,0.87347783
-0.0054281415,0.0022088118,0.011009598,0.57942553,-0.086538831,0.90093793
-0.0055831714,0.0019133837,0.01091352,0.5717732,-0.068681176,0.92466182
-0.0056924149,0.0016771505,0.01108441,0.58964696,-0.078122281,0.93117231
-0.0050610764,0.0017187112,0.011120276,0.57880224,-0.047942774,0.85161193
-0.00601604,0.0019434018,0.011817778,0.62369549,-0.06252571,0.94447727
-0.0062875624,0.0021013963,0.011733973,0.61270386,-0.06231117,0.98288905
-0.0060521928,0.0019508545,0.011261771,0.58319857,-0.062069642,0.97603289
-0.0060394851,0.0018588685,0.011139982,0.57643709,-0.047888294,0.97503955
-0.0058470041,0.0015646748,0.010883221,0.56156545,-0.053997168,0.96450814
-0.0060044893,0.0019471645,0.011406455,0.58493619,-0.041915555,0.97588001
-0.0063207334,0.0017956531,0.011222553,0.57467509,-0.037927354,1.000368
-0.0058473117,0.0016605005,0.010799881,0.54840633,-0.037853602,0.96955247
-0.0059794454,0.0015737589,0.010753171,0.54944174,-0.044890306,0.95808844
-0.0055516812,0.0015813882,0.010825788,0.55160688,-0.044193768,0.94857693
-0.0067805044,0.0014426815,0.010852275,0.56898684,-0.090057494,1.0302138
-0.0067351698,0.0017196687,0.010848183,0.56870847,-0.061576161,0.99504371
-0.0057718374,0.0016580622,0.010805458,0.55301853,-0.037483636,0.96351803
-0.005968049,0.0016047965,0.010804371,0.551778,-0.046017162,0.99187138
-0.0053840214,0.0012733371,0.010457833,0.53396075,-0.046058653,0.9756526
-0.0054519029,0.0011067103,0.010266727,0.52494226,-0.058411165,0.99904756
-0.0054040968,0.0010661869,0.01019963,0.52118144,-0.039375893,0.98400973
-0.0055390939,0.0010531607,0.010107034,0.51653171,-0.04700067,0.99780728
-0.0060726546,0.0014188569,0.010516007,0.54538452,-0.053347836,0.99801687
-0.0060981028,0.001703221,0.010952153,0.57407002,-0.037212117,0.87932557
-0.0070647115,0.0015249327,0.011021273,0.57806912,-0.072427095,1.0776697
-0.0074695982,0.0011710794,0.010694638,0.56037093,-0.067928719,1.133452
-0.0065596063,0.0010987661,0.010166905,0.53749263,-0.044516731,1.0343751
-0.0066877439,0.00094595006,0.010359579,0.54293135,-0.04668858,1.0629485
-0.0063483485,0.0005346372,0.0099737524,0.51704388,-0.033125813,1.0335061
-0.0061939514,0.000511484,0.01024665,0.52721242,-0.036726555,1.0615676
-0.0072547289,0.00059277455,0.010221156,0.53704308,-0.096299131,1.124836
-0.0068308318,0.00086346735,0.010363814,0.54563223,-0.098844552,1.0971648
-0.0059262254,0.00046492926,0.010359798,0.54353659,-0.017808505,1.0457351
-0.0066677096,0.00046422275,0.010242765,0.53400123,-0.035343127,1.0905022
-0.00596094,0.00044526704,0.0098514492,0.51194557,-0.03343035,1.050702
-0.0056211937,1.8114521e-05,0.0096383312,0.5045231,-0.065857119,1.0751609
-0.0054216465,2.1941647e-05,0.0093769742,0.48260039,-0.047767103,1.0741388
-0.0055681415,1.4674734e-05,0.0095411635,0.49656868,-0.07617474,1.1297972
-0.0058326513,-0.0002970589,0.0090885101,0.47454679,-0.038521016,1.0873832
-0.0059210149,-2.4772503e-05,0.010119851,0.5421494,-0.10022188,1.1292884
-0.0060836545,0.0010696981,0.011732214,0.62299108,-0.15347325,1.2434016
-0.0066338919,0.00086320948,0.010935516,0.59130649,-0.051759509,1.1588386
-0.0068322216,0.00078711214,0.010758739,0.58636457,-0.044547023,1.1148325
-0.0066865095,0.00093312974,0.010373156,0.56622562,-0.019539035,1.0305074
-0.0065441036,0.00070958552,0.01036915,0.56519296,-0.038629066,1.038619
-0.0065688407,0.00056648837,0.010218252,0.55867157,-0.034423637,1.035421
-0.0062542117,0.00045654616,0.01014599,0.54513104,-0.040564418,1.0326067
-0.0063337122,0.0010718209,0.010604421,0.56467372,-0.03405088,1.0405169
-0.0062268486,0.0010337151,0.010889288,0.57800395,-0.022458724,1.0330062
-0.0064064603,0.00070018494,0.010840883,0.57405833,-0.023429182,1.0409459
-0.0064357224,0.00086857364,0.010945611,0.57155303,-0.037373436,1.0611687
-0.0061455883,0.00073707787,0.010851469,0.56542262,-0.036227331,1.0648934
-0.0064185018,0.00073599403,0.010657522,0.54642085,-0.047320171,1.1154897
-0.0058226854,0.00030621439,0.010445317,0.54039273,-0.052870426,1.0692455
-0.0059110677,0.00040816639,0.010574168,0.55303113,-0.066410175,1.0727687
-0.0061791219,0.00045591985,0.010670185,0.56262855,-0.051006858,1.0715236
-0.0061512929,0.00048620079,0.010505321,0.54838406,-0.042426762,1.0844232
-0.0065201347,0.00075503511,0.010852154,0.58692492,-0.046737453,1.0882056
-0.0068609528,0.00071235254,0.010949037,0.58616741,-0.037620956,1.1186394
-0.0070585356,0.00073813408,0.010931745,0.58698772,-0.039130299,1.1131
-0.0066883853,0.00078064451,0.010931653,0.58437361,-0.039267754,1.1222282
-0.0072493837,0.000522317,0.011022628,0.60234122,-0.071090879,1.1633042
-0.0083427737,0.0010458878,0.011374091,0.61830795,-0.10510845,1.2292747
-0.0070269725,0.0008186983,0.010879413,0.58000683,-0.035468487,1.1202441
-0.0069093545,0.00052631107,0.010723255,0.57101077,-0.051400729,1.1481544
-0.0063820133,0.00054148189,0.010734749,0.56392566,-0.032994968,1.1188805
-0.0065077791,0.00045080264,0.010819371,0.57352786,-0.05305676,1.1654583
-0.0066551395,0.00041401009,0.010864863,0.57558081,-0.038550281,1.1820563
-0.0066081921,0.0003955623,0.010730708,0.56890638,-0.04231975,1.1920608
-0.0065181457,0.00055388659,0.01060241,0.56576533,-0.039561512,1.1891222
-0.007244671,0.00089875161,0.010970832,0.57998994,-0.057045592,1.2965576
-0.0070623997,0.00080924169,0.010964856,0.58309781,-0.03338308,1.2242035
-0.0073568532,0.00077880572,0.010923592,0.58721979,-0.040479115,1.2271233
-0.0065977109,0.00074823986,0.010676186,0.57089747,-0.013886447,1.1212863
-0.0066333113,0.00065285318,0.010899963,0.57932489,-0.027869405,1.1259181
-0.0061809174,0.00049405674,0.010749273,0.57297481,-0.027742179,1.0815794
-0.0063610035,0.00072970769,0.010910936,0.57597995,-0.076169775,1.1570768
-0.0052336373,0.00045952042,0.010764456,0.56903674,-0.044961683,1.0289181
-0.0059892616,0.0005321454,0.010875168,0.57593382,-0.084589401,1.1237106
-0.0059357889,0.00094951221,0.01101302,0.58475173,-0.045698316,1.0450954
-0.0055735771,0.00072776465,0.0111967,0.59357995,-0.033921287,1.0153843
-0.0057567468,0.00067317249,0.011473703,0.61152233,-0.019436963,1.0002641
-0.0056510877,0.00072146377,0.01133893,0.59493574,-0.028165584,1.029478
-0.0056763029,0.00094822855,0.011262441,0.57968934,-0.047655954,1.0742447
-0.0052343539,0.00065085736,0.01091522,0.57475856,-0.056915882,1.0610162
-0.0053951122,0.00079895684,0.011210404,0.59718256,-0.05711981,1.0670862
-0.0054290319,0.00071793822,0.011005751,0.58865387,-0.057736841,1.0657436
-0.005560993,0.0004967817,0.010938238,0.59210829,-0.057183983,1.0709265
-0.0049991966,0.00022964533,0.010638845,0.57851408,-0.080015001,1.0752489
-0.0049092276,0.00017451956,0.010638598,0.57165929,-0.081295144,1.0654525
-0.0046184277,-6.7645592e-06,0.010489325,0.55320084,-0.096525484,1.0496206
-0.0046616147,-0.00018258818,0.01032393,0.55618993,-0.10691199,1.0395851
-0.0046284683,-0.00041913136,0.010163404,0.55658537,-0.11495763,1.0428622
-0.0043257704,-0.00054027566,0.0099860254,0.54387051,-0.10533177,1.0176289
-0.0043047722,-0.0004566223,0.010066175,0.54972475,-0.10139681,1.0083538
-0.0042908199,-0.00045821876,0.010079237,0.5505181,-0.096475391,1.0032825
-0.0042352842,-0.00028780459,0.010236236,0.54899046,-0.096639661,0.99364402
-0.0043956021,-0.00022671827,0.010540737,0.56878514,-0.058997962,0.9397091
-0.0047313429,-0.00052223083,0.01015205,0.55108449,-0.10574846,1.0251167
-0.0041430779,-0.00026638702,0.010311803,0.5637584,-0.11389479,0.97514533
-0.0035504203,-0.00047200304,0.010341101,0.57142695,-0.10476692,0.94214148
-0.0040546166,-0.00054177438,0.010546511,0.59094543,-0.097293241,0.94508111
-0.0035428868,-0.00067383974,0.010414972,0.57875195,-0.10543689,0.92705551
-0.003665042,-0.00057085455,0.010544001,0.57702858,-0.13064368,0.98347151
-0.0033215569,-0.00045295775,0.010520749,0.57711402,-0.14024074,0.97420029
-0.0033095934,-0.00088447096,0.010332633,0.56824487,-0.14417179,0.98665311
-0.0028104064,-0.00082024186,0.010408088,0.57795393,-0.14365919,0.94776834
-0.003412098,-0.00064819733,0.010637953,0.5929711,-0.14510727,0.99638218
-0.0029900301,-0.0007471125,0.010204164,0.56639979,-0.11294702,0.92159203
-0.0040410583,-0.0004946348,0.010286013,0.57722006,-0.15340324,1.0093572
-0.0050032211,-8.1597448e-05,0.010289933,0.60001054,-0.21860944,1.0489149
-0.003890897,9.5035645e-05,0.010699747,0.59733696,-0.13634347,0.97083152
-0.0028563374,-0.00071563951,0.010436267,0.58169239,-0.072377033,0.88983135
-0.0032824314,-0.00064473464,0.010668561,0.60635101,-0.031263761,0.80157636
-0.0038316133,-0.0002078811,0.011174288,0.61434538,-0.021805661,0.8627441
-0.0050857394,0.00030020127,0.011214391,0.61701593,-0.1272422,1.0571744
-0.0047253816,0.00012329238,0.010573799,0.58213325,-0.1198976,1.0317189
-0.0039734246,8.9137139e-05,0.010372811,0.55403901,-0.0425154,1.0139981
-0.0057120097,0.0011087683,0.011579523,0.57591849,-0.0037428178,1.1606345
