0,0,0,0,0,0
-0.00052896055,0.00020459577,0.0003311899,0.035324432,-0.099202646,0.10474507
-0.00024910385,0.00037818351,2.1894502e-05,0.018142206,-0.032742356,0.042630715
-0.00045143399,0.000534103,-9.2938837e-05,0.030619302,-0.054914958,0.065432722
-0.00015599801,0.00077027654,-0.00034929043,0.02791806,-0.064882794,0.055715266
-0.00010176554,0.00099542478,0.00051912361,0.064213395,-0.034827216,0.05118764
-0.00073958727,0.0009355263,0.00070441009,0.094968472,-0.057285258,0.056284716
-0.00065079483,0.00087911083,0.00053573284,0.077044001,-0.0091097501,0.031593535
-0.0008880963,0.0012432739,0.00098628718,0.11803576,-0.049463468,0.052810949
-0.00094060321,0.0017064918,0.0014348021,0.1218311,0.016316177,-0.02899765
-0.0010995693,0.0016004508,0.0013883111,0.13113642,-0.0042089136,0.0075036737
-0.00059557229,0.001506387,0.0014282367,0.13867,0.023660372,-0.018766673
-0.00085389559,0.0018753891,0.0019149201,0.17534022,0.015667449,-0.017013763
-0.00040731543,0.0020574446,0.00190954,0.16535067,0.03393561,-0.046336377
-0.00081566623,0.0020052992,0.0019041762,0.16046863,0.015528619,-0.011949905
-0.00017970304,0.0021422644,0.0020232649,0.17795666,0.0014754729,-0.021274198
-0.0002320267,0.0020700458,0.001935633,0.17762229,-0.010528771,-0.0057687568
-0.00021263267,0.0021336174,0.0019177863,0.1784732,-0.014234883,-0.025737328
-9.3556432e-05,0.00243366,0.0018585991,0.16838182,0.0094899936,-0.017203823
-4.6853487e-05,0.0024435467,0.0016134726,0.17368254,-0.025154984,-0.044952956
0.00017668171,0.0022523826,0.0014640136,0.17376364,-0.011664123,-0.050490029
-0.00012365317,0.0022950441,0.0017204121,0.19973942,-0.048352499,-0.060734495
-0.00028917531,0.0026677279,0.0015417602,0.17024148,-0.016187482,-0.074904064
-0.00035409687,0.0025595489,0.0019000366,0.19394342,-0.042489892,-0.064740452
-0.00024818173,0.0026201585,0.0016993622,0.16804654,-0.0039436797,-0.085131833
-0.00020662761,0.002230283,0.0019014447,0.20904085,-0.054297649,-0.05841232
3.6898863e-05,0.0025817331,0.0018812675,0.17022513,0.016543635,-0.091854407
-0.0005257509,0.0025652539,0.0018109254,0.19029499,-0.077852248,-0.023029877
0.0001523806,0.0027792264,0.0016881103,0.16569905,0.0052036447,-0.11651615
-0.00026827457,0.0026309549,0.0016624327,0.1914199,-0.08552328,-0.051115317
0.00061861921,0.002532349,0.0017056544,0.18510238,-0.01658618,-0.13348255
6.71842e-05,0.0023078649,0.001675765,0.19044721,-0.063068125,-0.055379872
0.0010385241,0.0027210078,0.0013778902,0.16020161,-0.020083246,-0.12272064
0.00055013043,0.0025213151,0.0012439158,0.16048144,-0.042881393,-0.050360468
0.00076771361,0.0023043415,0.0012784654,0.16170682,-0.036276297,-0.08244531
0.00073719897,0.0020164595,0.0014512208,0.17255315,-0.029569328,-0.085008968
0.00097630123,0.0020249841,0.0017085787,0.17625217,-0.035459985,-0.095692556
0.0012241076,0.0023076341,0.0019047081,0.19560538,-0.025093581,-0.09252593
0.001274877,0.0026865612,0.0022534855,0.20384008,-0.021227765,-0.099866843
0.0011831388,0.0025156548,0.0017252265,0.16187577,-0.018974021,-0.10895559
0.0014173542,0.0021228475,0.0016576045,0.17101896,-0.019682666,-0.1226527
0.0012945202,0.0018778431,0.0017167036,0.17113647,-0.017039338,-0.11933696
0.00091721019,0.0019066068,0.0014367776,0.16353458,-0.010238803,-0.12770113
0.00086735273,0.0018990675,0.0010106057,0.14384658,-0.010676934,-0.13711195
0.00084778866,0.0018918177,0.0010812381,0.15199893,-0.035452147,-0.10827754
0.00096391919,0.0021187313,0.0013196661,0.15755866,-0.023273982,-0.13426678
0.00053966908,0.0021226611,0.0018574132,0.17304263,-0.042021767,-0.10478278
0.00060937718,0.0017857989,0.0019666314,0.17704124,-0.052574215,-0.125111
0.00057518744,0.0021388143,0.0017814961,0.16130061,-0.00092039723,-0.17120205
0.00013131328,0.0018369962,0.0022077774,0.18431457,-0.041643475,-0.12373378
0.00035706428,0.001849071,0.0017621986,0.15068043,-0.0033155798,-0.14819302
-0.00016151363,0.0013069548,0.0019392044,0.15980881,-0.10463232,-0.059827563
0.00016468248,0.0014151771,0.0018800853,0.15741059,-0.059022159,-0.14705668
0.00034001103,0.0013534674,0.0019494354,0.15583795,-0.035237146,-0.13340165
0.00056121288,0.001620302,0.0023739839,0.17815143,-0.027221426,-0.14055576
0.00051368627,0.0017303525,0.0026826498,0.18236515,-0.013439212,-0.13275569
9.5910041e-05,0.0012686383,0.0026096235,0.17767589,-0.066054227,-0.10254896
0.00033437768,0.0015922738,0.0027729423,0.18113191,0.0014313023,-0.15851231
0.00013947689,0.0018388227,0.0028726636,0.19244692,-0.023416274,-0.13620543
0.00010313753,0.0019024675,0.0027632438,0.18965175,-0.0055472954,-0.1636703
-0.00012750909,0.0017560328,0.0027402046,0.19985143,-0.048132639,-0.11156852
0.0003612776,0.001457623,0.0027009189,0.18938621,-0.05481152,-0.089387027
0.00018551877,0.0013785353,0.0026086479,0.19212912,-0.054245443,-0.10853206
0.00030593392,0.0012459541,0.0025993697,0.18157112,-0.03008704,-0.13031457
-0.00029834077,0.0010567889,0.0026775124,0.18964172,-0.044770841,-0.091492233
-0.00038118259,0.0012839808,0.0030240578,0.19459791,-0.018996317,-0.15102999
-6.7941855e-05,0.0012446021,0.002951779,0.18997795,-0.015507389,-0.12110009
0.00067777265,0.00089556189,0.0032847167,0.21193121,-0.019281681,-0.1897018
0.00075759901,0.00039319212,0.003204094,0.21620766,-0.033571949,-0.15542841
0.00049775296,0.00031577453,0.0030190945,0.2037181,-0.033722547,-0.18698334
0.00056938244,-0.00038673208,0.0027822411,0.19241135,-0.012165337,-0.19351994
0.00049349269,-0.00056762653,0.0030245657,0.20901482,-0.061996852,-0.18323864
0.0011021428,-0.00053957515,0.0027605902,0.19850025,-0.0088743626,-0.22424947
0.0010456822,-0.00045566078,0.0026815851,0.20579585,-0.084314607,-0.17151049
0.0011807481,-0.00049069057,0.0023983085,0.18671898,-0.038567477,-0.21522683
0.0010258096,-0.00075584018,0.0024327832,0.19338948,-0.059961839,-0.1954091
0.0013439007,-0.00069851397,0.0024078066,0.20581503,-0.05227043,-0.20348724
0.00048935687,0.00010888487,0.0027238796,0.23622196,-0.032204685,-0.22647254
0.00060587179,0.00016122138,0.0026548356,0.23129429,-0.027328237,-0.21913611
0.00040987222,0.00016263665,0.0029285055,0.25182579,-0.08857306,-0.1820232
0.0011452602,0.00018426185,0.0027726864,0.24120759,-0.047372953,-0.20048292
0.00069031237,-9.9683492e-05,0.0026739818,0.24592733,-0.11158416,-0.14142
0.0010161117,6.2245746e-05,0.0024091237,0.22981633,-0.025208608,-0.20562457
0.00070385692,0.00027308089,0.0024485338,0.24805422,-0.080370606,-0.14546549
0.00059085748,0.00030539457,0.0022569259,0.2222855,-0.029130875,-0.19833682
-3.0833602e-05,0.00012992656,0.0022368603,0.22422888,-0.0019419565,-0.21885806
2.1129751e-05,-0.00044518046,0.0023559419,0.20971811,-0.010933558,-0.2038422
0.0005322467,-0.00024245653,0.0026732488,0.25273228,-0.053872711,-0.22396475
0.00088306677,-1.0270892e-05,0.002672972,0.22129091,-0.028907487,-0.23908396
0.00031184146,-7.5960686e-05,0.0029422209,0.24536542,-0.078116469,-0.17434178
0.00093970683,-2.8419115e-05,0.00316427,0.24683456,-0.070667332,-0.19673558
0.00070288765,8.9486372e-05,0.0030449402,0.23389137,-0.10711028,-0.14482086
0.00099669756,-3.2806284e-06,0.0032684985,0.21748461,-0.0946931,-0.16524111
0.00077548828,-0.00017321237,0.00316168,0.21915972,-0.12845241,-0.12098366
0.00095621024,-5.2532976e-05,0.0031913518,0.21367821,-0.10637467,-0.13753555
0.0010958782,-0.00028418115,0.0031888753,0.22307589,-0.19126932,-0.087214214
0.0016279121,7.3846381e-05,0.0031559805,0.20502297,-0.10061952,-0.14988789
0.0015523557,-0.00031910177,0.0030339395,0.21119648,-0.2087402,-0.082677325
0.0028058764,-0.00011711404,0.0032765367,0.2241737,-0.11753938,-0.19061728
0.0014979047,-0.00014296607,0.0035384311,0.23781555,-0.2130352,-0.093537295
0.0024511781,0.00041937538,0.0033961483,0.21482932,-0.14458215,-0.16585479
0.0015198038,1.2649734e-05,0.0034787996,0.1997169,-0.22863394,-0.071843461
0.0020132347,0.00038815506,0.0036466313,0.21209738,-0.19311274,-0.11300847
0.0019939107,-0.00047530617,0.0033420051,0.19687029,-0.21590179,-0.08312684
0.0026218788,-0.00038448031,0.0033150495,0.19963952,-0.19340158,-0.12383849
0.0020818478,-0.000771105,0.0033142678,0.19143708,-0.20490334,-0.10833619
0.0028083351,-0.00093520506,0.0032733899,0.18936283,-0.17249119,-0.12629264
0.0026918954,-0.0012624258,0.0032716728,0.20087473,-0.22700963,-0.096838242
0.0029983817,-0.0013809352,0.0029928651,0.16843122,-0.18445797,-0.13213725
0.0028048472,-0.001038307,0.0031089628,0.19124428,-0.22961635,-0.093859273
0.0034996977,-0.00089031941,0.0031334229,0.18730734,-0.14285897,-0.1711492
0.0023399657,-0.0012263864,0.0034103434,0.19074508,-0.25524431,-0.07817529
0.0037270732,-0.00097948135,0.0032670518,0.17363918,-0.16832658,-0.21135387
0.0035933202,-0.0012333696,0.0032856233,0.17693185,-0.22364279,-0.15262251
0.0038967199,-0.0012025785,0.0033417655,0.17060946,-0.17606274,-0.20996408
0.003520111,-0.0010541063,0.0037489712,0.1899478,-0.23595011,-0.14541171
0.0039104534,-0.0012215822,0.0029965568,0.16032152,-0.20982843,-0.21997062
0.0037626335,-0.0013532851,0.0028378722,0.16541977,-0.24854455,-0.18485072
0.0041085926,-0.0012209988,0.0031998679,0.17721704,-0.2503806,-0.24075246
0.0036825595,-0.0015744668,0.0029209125,0.14737244,-0.25258247,-0.20983344
0.0039291912,-0.0020055033,0.0027749069,0.13108867,-0.26467405,-0.21677191
0.0041307646,-0.0019323953,0.0027705425,0.13301713,-0.26222557,-0.21244372
0.0044898356,-0.0022583941,0.0025368876,0.12580656,-0.26487144,-0.2129027
0.0043201236,-0.0022317346,0.0023608495,0.12086746,-0.25144335,-0.18358276
0.0044815628,-0.0019021373,0.0025682543,0.13181514,-0.28016486,-0.18943853
0.0044463753,-0.0017867809,0.0026274401,0.13006901,-0.26871756,-0.20792049
0.0044477349,-0.0021984864,0.0027861283,0.12237973,-0.26328649,-0.21047142
0.0043518846,-0.002476706,0.0030425652,0.14390813,-0.27734612,-0.2054955
0.0047127105,-0.0024071328,0.0035269909,0.14922488,-0.25824036,-0.22000366
0.0042693128,-0.0027926862,0.0036160668,0.13475265,-0.29531349,-0.16356502
0.0045183902,-0.0030662789,0.0036383752,0.13163602,-0.28570343,-0.15662573
0.0044981841,-0.0037560255,0.0031590058,0.10174548,-0.30814585,-0.14532555
0.0051514061,-0.0040685939,0.0026700427,0.076850957,-0.29113076,-0.18118867
0.0049171204,-0.0045716774,0.0020351627,0.059760007,-0.31013871,-0.14276862
0.004948968,-0.0045059172,0.002016528,0.057500762,-0.31795824,-0.17856057
0.0046091543,-0.0052560686,0.0012236145,0.037329593,-0.30530368,-0.17857223
0.0044883395,-0.0056379049,0.001298075,0.043133165,-0.3301176,-0.19389825
0.0046208892,-0.0056188067,0.00079278435,0.010241919,-0.32630386,-0.18447027
0.0044977327,-0.0059649545,0.00015832761,-1.8654987e-05,-0.45062551,-0.098824392
0.0054725379,-0.0052728808,-0.00057732229,-0.0303671,-0.31686851,-0.2529892
0.0052156406,-0.0055302338,-0.00075204327,-0.031411877,-0.30999795,-0.2384759
0.0053200411,-0.0055096569,-0.00064339683,-0.027523595,-0.33275339,-0.20382427
0.0052935616,-0.0053439014,-0.00049736853,-0.034390557,-0.30300771,-0.22421349
0.0044650171,-0.00537643,-0.0003557952,-0.036626077,-0.3336744,-0.20582596
0.0047576789,-0.0052522519,-0.00016428083,-0.040742997,-0.29683297,-0.24596718
0.0042371354,-0.0056550931,-0.00018307936,-0.030960998,-0.36395779,-0.19428584
0.0041933285,-0.0057615672,-0.00016074591,-0.033561717,-0.31007528,-0.23531576
0.0032052213,-0.0063672177,-0.00081189214,-0.067623277,-0.32460636,-0.18778021
0.0034539771,-0.0065248499,-0.0011417851,-0.092970961,-0.30319953,-0.25079766
0.003334681,-0.0063483768,-0.0012630809,-0.091600525,-0.3446152,-0.21336481
0.003511848,-0.0060858515,-0.00060093966,-0.052421339,-0.31207864,-0.2709324
0.0029821621,-0.0064024939,-0.00077709744,-0.053959896,-0.3270572,-0.23485265
0.002932667,-0.0065642757,-0.00047477893,-0.060686364,-0.31808104,-0.24499799
0.0027836024,-0.0063724649,-0.00018325773,-0.062872183,-0.34707042,-0.20485313
0.0029181767,-0.0064291106,-0.00026362645,-0.060874936,-0.32669659,-0.21863227
0.0024052239,-0.006638037,-0.00025194054,-0.058853867,-0.35749914,-0.1975059
0.0027994163,-0.0067500413,-4.6258752e-05,-0.041780114,-0.32831842,-0.21812602
0.0025488075,-0.0066917186,0.00019556108,-0.045380072,-0.35085725,-0.18904197
0.0028763596,-0.0066141062,0.0002762746,-0.056996543,-0.33153214,-0.22475531
0.0028132396,-0.0065667838,0.00051488694,-0.047903507,-0.36728822,-0.16699701
0.0033446039,-0.0065428699,0.00057739279,-0.04036583,-0.32608488,-0.25573449
0.0029256032,-0.006679884,0.0003627095,-0.061959326,-0.36249216,-0.22984479
0.0035670126,-0.006894234,2.6942017e-05,-0.080917033,-0.35396072,-0.26876918
0.0035566969,-0.007055724,-5.2678115e-05,-0.079438932,-0.34879561,-0.26269384
0.0037097419,-0.0071263296,-0.00014148736,-0.074053324,-0.34353444,-0.32545461
0.0041766824,-0.0068186202,-0.00021342601,-0.079881609,-0.35637217,-0.31622629
0.004305025,-0.0071360868,-0.0006991499,-0.099125294,-0.35536043,-0.32450232
0.0039589319,-0.007602325,-0.0015932723,-0.13478172,-0.40334908,-0.28826058
0.0046645187,-0.007717716,-0.0018454065,-0.12410025,-0.38267495,-0.34450136
0.0045581287,-0.0080197375,-0.0020613662,-0.12881532,-0.37847504,-0.32666011
0.0044006414,-0.0081098422,-0.0022604518,-0.13846746,-0.3713383,-0.3362935
0.0039727281,-0.0077458608,-0.0018675343,-0.13143336,-0.3609957,-0.33052072
0.0041157978,-0.0076074025,-0.001822421,-0.12586436,-0.35829725,-0.34333189
0.0039995607,-0.0071471308,-0.0013679477,-0.10666576,-0.35116215,-0.33857865
0.0043238246,-0.0075519788,-0.0012485391,-0.10031176,-0.37571995,-0.32432524
0.0043308742,-0.0076795323,-0.0014950146,-0.10548494,-0.34599063,-0.33696367
0.004079123,-0.007673776,-0.0016552025,-0.11726932,-0.3670445,-0.35099467
0.0040180069,-0.0078534569,-0.0017276433,-0.12470654,-0.34089023,-0.36877091
0.0038852125,-0.0076975104,-0.001892444,-0.12760904,-0.37696315,-0.33417888
0.0040124609,-0.0075205957,-0.0023493291,-0.14531689,-0.35349426,-0.34833741
0.0036082383,-0.0075104055,-0.0018082117,-0.11169582,-0.38340741,-0.32449211
0.0039479386,-0.0076961119,-0.001607893,-0.11247554,-0.40351705,-0.33398836
0.0042021022,-0.0074126741,-0.0018904682,-0.13640199,-0.38639197,-0.35220649
0.0043406274,-0.0071863892,-0.0018751249,-0.11698229,-0.38425689,-0.35123767
0.0044531842,-0.0067462629,-0.0014932525,-0.1084601,-0.35590059,-0.38783205
0.0039903011,-0.0059892484,-0.0012618733,-0.092445247,-0.35636968,-0.35328035
0.0045323083,-0.0057586066,-0.0010142882,-0.087055545,-0.36354748,-0.37861136
0.0041276375,-0.0062656515,-0.0010061249,-0.091377813,-0.35157485,-0.37697369
0.0038493796,-0.0067658596,-0.0013297089,-0.098529194,-0.41354255,-0.34533876
0.0042359523,-0.0067943297,-0.0017623551,-0.13144616,-0.37345051,-0.38773779
0.0039087505,-0.0068240816,-0.0016276874,-0.11986221,-0.38958596,-0.38161069
0.0040221634,-0.0071747109,-0.0018519838,-0.13858978,-0.38034467,-0.38857758
0.0039558547,-0.0073201175,-0.0016665975,-0.12175128,-0.39611355,-0.37480521
0.004378253,-0.0072291492,-0.0021819694,-0.14042083,-0.39615321,-0.37227722
0.0039602158,-0.0068558603,-0.0015908507,-0.12231347,-0.40478636,-0.37214828
0.004058883,-0.0068863375,-0.0016217002,-0.12436728,-0.40977646,-0.36329857
0.00399803,-0.0071975611,-0.0018660268,-0.12232563,-0.41838712,-0.36006
0.0044108411,-0.0069982127,-0.0018129655,-0.11297333,-0.3918266,-0.38184679
0.004812358,-0.0070546911,-0.0017750304,-0.1137085,-0.38103908,-0.38613426
0.0052359931,-0.0067713877,-0.0019302771,-0.1239768,-0.38070857,-0.38917252
0.0054614892,-0.0069404096,-0.0013609021,-0.10512746,-0.37698324,-0.37519232
0.0054248651,-0.0069743759,-0.0014083411,-0.11295246,-0.38939474,-0.39232086
0.0057279075,-0.0073278613,-0.0018388089,-0.12716849,-0.35464562,-0.46825474
0.0054462249,-0.0072361658,-0.001832254,-0.11628848,-0.42019962,-0.45129643
0.005835614,-0.007353405,-0.0021487346,-0.13232803,-0.37488888,-0.46850387
0.0047822967,-0.0076374663,-0.0019835276,-0.1099007,-0.44199729,-0.40154355
0.0058949512,-0.0074081723,-0.0022472312,-0.11961959,-0.36279641,-0.48645081
0.0055755366,-0.0077386539,-0.0026148979,-0.14183643,-0.39991383,-0.41492498
0.0061690059,-0.0080899034,-0.0030377488,-0.16075213,-0.33753106,-0.4918576
0.0056692906,-0.0085321274,-0.0031164148,-0.16030317,-0.36339602,-0.44618037
0.00669578,-0.007763066,-0.0032439032,-0.15128129,-0.31570235,-0.54287947
0.0061628959,-0.0080152854,-0.0030855215,-0.15214064,-0.34768406,-0.52199722
0.0062421609,-0.0083381516,-0.003435683,-0.15788655,-0.31719578,-0.57916834
0.0056448937,-0.0088153461,-0.002855386,-0.14195335,-0.36611022,-0.54077826
0.0060223135,-0.0090983671,-0.0025777946,-0.12181953,-0.35729147,-0.5783864
0.0047184253,-0.0093726304,-0.0019982649,-0.12300145,-0.37326395,-0.52604563
0.0053007722,-0.0096460213,-0.001685753,-0.12396446,-0.37942783,-0.55390206
0.0052395519,-0.0098112312,-0.0021252933,-0.15955758,-0.40298707,-0.52959826
0.0051350464,-0.0096238444,-0.0024186042,-0.16955601,-0.35888733,-0.59479653
0.0049204524,-0.01001166,-0.0024509535,-0.14827404,-0.42944695,-0.54484811
0.0059195268,-0.010093206,-0.0030246852,-0.18698334,-0.36836849,-0.63361411
0.005371267,-0.01113691,-0.0036727549,-0.22844994,-0.4006569,-0.57412807
0.0058038217,-0.011454948,-0.0043824923,-0.26489909,-0.38138902,-0.6297747
0.0050324158,-0.011112501,-0.0041049202,-0.24271205,-0.40931691,-0.60094249
0.0053124041,-0.011088024,-0.0038742359,-0.23607258,-0.36554861,-0.65394842
0.0044092289,-0.011550219,-0.0036803088,-0.23824499,-0.39543706,-0.60512221
0.0048522153,-0.011781435,-0.0039390194,-0.27430731,-0.3704634,-0.65056381
0.0044510393,-0.011253701,-0.0032011914,-0.25379392,-0.40303875,-0.59304823
0.0047083781,-0.011114079,-0.0029587457,-0.24450984,-0.39640946,-0.63896873
0.0044537766,-0.011198708,-0.0029246049,-0.24685976,-0.37506544,-0.60846395
0.0044943131,-0.011672042,-0.0029828753,-0.25083881,-0.4104678,-0.63581931
0.0043969055,-0.011253185,-0.002873659,-0.25285731,-0.37218496,-0.64557209
0.0041857931,-0.011404327,-0.0025749246,-0.2375372,-0.41308491,-0.64130982
0.0034140197,-0.011916737,-0.0020147685,-0.22972796,-0.40079105,-0.59787582
0.003613585,-0.011805434,-0.0017432316,-0.22264442,-0.4322161,-0.59086168
0.0042357856,-0.011457156,-0.0018284808,-0.21910533,-0.36439755,-0.62153093
0.0041572531,-0.011698583,-0.0016982576,-0.22061773,-0.448076,-0.57847345
0.0048054611,-0.011123364,-0.0020470802,-0.20995761,-0.37088917,-0.62350303
0.0042912712,-0.011009941,-0.0021459212,-0.21270046,-0.38697825,-0.59662866
0.0041300339,-0.010759771,-0.0017690855,-0.18573118,-0.3375008,-0.58611037
0.0040625216,-0.010705661,-0.0012754634,-0.17734246,-0.35875318,-0.59133589
0.004195206,-0.010548659,-0.001141736,-0.15913458,-0.31717491,-0.60600286
0.0039595032,-0.010339032,-0.0010712539,-0.15998941,-0.36388076,-0.57829923
0.0040775856,-0.010318261,-0.0017426052,-0.18936831,-0.29263447,-0.6029672
0.0034117708,-0.010535986,-0.001574417,-0.15841521,-0.3636876,-0.5597591
0.0045336874,-0.010001784,-0.0010106302,-0.16100584,-0.33151089,-0.59433209
0.0035389131,-0.010285943,-0.0015835109,-0.17424866,-0.3779035,-0.53338937
0.0040044211,-0.0093276302,-0.001604929,-0.17107108,-0.28423084,-0.57892598
0.0031471075,-0.010014791,-0.0018015766,-0.18471761,-0.37294273,-0.5364431
0.0038391383,-0.01041168,-0.0020782051,-0.21816519,-0.32597027,-0.58360307
0.0029812484,-0.010905926,-0.0021519857,-0.22473253,-0.39440169,-0.53711428
0.0037755086,-0.010778003,-0.0022843537,-0.23744625,-0.34542856,-0.60164784
0.0030065392,-0.010841674,-0.0021640801,-0.22108274,-0.38659685,-0.53138791
0.0034153048,-0.010353432,-0.0021702003,-0.22532472,-0.34918393,-0.57439758
0.003411977,-0.011647994,-0.0028796287,-0.25525278,-0.33354394,-0.58505845
0.003598222,-0.011863455,-0.003262917,-0.26049736,-0.32935839,-0.5889182
0.002899987,-0.011385043,-0.0031504573,-0.2529039,-0.33021857,-0.55497169
0.0035662688,-0.0112036,-0.0031306836,-0.24858942,-0.32762219,-0.5660211
0.0036985255,-0.011150631,-0.003228369,-0.24178314,-0.33652512,-0.58005796
0.0039655482,-0.011409822,-0.0031782412,-0.24005574,-0.35198048,-0.56818208
0.0033775459,-0.011972538,-0.0036163524,-0.23998613,-0.37602831,-0.53394654
0.0035407096,-0.012156142,-0.0038257815,-0.25384424,-0.35863553,-0.53548813
0.0033887288,-0.012274227,-0.0040003518,-0.25234532,-0.37744418,-0.51891813
0.0042325936,-0.012739696,-0.0048913512,-0.28726575,-0.35952751,-0.55397028
0.0048676397,-0.012407528,-0.0048778448,-0.28299892,-0.39951955,-0.55232498
0.005063581,-0.012633213,-0.0054758796,-0.32881316,-0.37204106,-0.58721055
0.0043751047,-0.012768955,-0.0055732134,-0.31668394,-0.41229926,-0.53996608
0.0045796271,-0.01228267,-0.0046013199,-0.27432344,-0.40592667,-0.54826924
0.0044598633,-0.012578075,-0.0046491782,-0.29533398,-0.41506037,-0.55667427
0.0042370587,-0.012934373,-0.0045397971,-0.28929411,-0.38220804,-0.5624795
0.003861514,-0.013207042,-0.0043959752,-0.29454785,-0.39552076,-0.52165567
0.0040546108,-0.012995568,-0.0040907205,-0.28018609,-0.35215774,-0.5393404
0.0034108479,-0.012945597,-0.0038865488,-0.25871217,-0.40518543,-0.48137847
0.0040516867,-0.012980552,-0.0039781381,-0.26084342,-0.37748376,-0.52118857
0.0037661497,-0.012810266,-0.0036036917,-0.2679135,-0.40523559,-0.50025218
0.003604802,-0.013257463,-0.0035976295,-0.29476964,-0.3879506,-0.50435113
0.0036177713,-0.013204127,-0.0034079866,-0.28380357,-0.41195594,-0.49223205
0.004550907,-0.013408098,-0.0033237009,-0.27003525,-0.38051442,-0.51251936
0.0039299002,-0.01327963,-0.0032146522,-0.26737697,-0.41935213,-0.50131128
0.0042755683,-0.013528763,-0.0033806908,-0.268865,-0.36798925,-0.57049094
0.0033587891,-0.013706891,-0.0033569734,-0.27354651,-0.41239906,-0.50756718
0.0041191189,-0.013934327,-0.0033693445,-0.26943681,-0.38990562,-0.53552522
0.0039075503,-0.014506779,-0.0035362535,-0.27921528,-0.41479846,-0.50061655
0.0048608384,-0.014248575,-0.0035497414,-0.27381163,-0.4173674,-0.56323755
0.0045203745,-0.014077351,-0.0035231251,-0.29301076,-0.3862067,-0.56625216
0.004346799,-0.01454846,-0.0035809655,-0.28951208,-0.40463428,-0.55360783
0.0046584965,-0.015292357,-0.0038714258,-0.30589629,-0.3656756,-0.59341563
0.0041966848,-0.015498021,-0.0036651013,-0.27800849,-0.38667118,-0.57930327
0.0043686538,-0.015450795,-0.0035604961,-0.27303359,-0.36332764,-0.62570337
0.0043075787,-0.015046623,-0.0037092368,-0.27458322,-0.42723169,-0.58129063
0.0045352667,-0.015181234,-0.0038219835,-0.26619703,-0.45978357,-0.57646557
0.0045857936,-0.015222755,-0.004447062,-0.27537642,-0.34743786,-0.63259752
0.0043545281,-0.015923331,-0.0040716303,-0.24978884,-0.33426896,-0.6153084
0.0045780954,-0.015757303,-0.0039098668,-0.24517066,-0.32506675,-0.59728075
0.0042689169,-0.016196096,-0.0035680347,-0.23755929,-0.33320494,-0.57901071
0.0044166378,-0.016315024,-0.003175486,-0.20945238,-0.27625219,-0.62747702
0.0037919905,-0.0160991,-0.0032381171,-0.21294971,-0.31812528,-0.60500266
0.0045998742,-0.015843344,-0.0030664196,-0.21830292,-0.30055486,-0.61934214
0.0042432826,-0.01567648,-0.0030119002,-0.21960517,-0.32929388,-0.62156061
0.0045083126,-0.015394536,-0.0029233045,-0.19962729,-0.33625074,-0.61671556
0.004174585,-0.015841653,-0.0026856188,-0.19931647,-0.36231908,-0.59135947
0.0042351612,-0.016037874,-0.0027580795,-0.21105145,-0.34261536,-0.63572996
0.0042074214,-0.016502897,-0.0032937808,-0.2451398,-0.36872996,-0.58693595
0.0045052628,-0.01663349,-0.0033102498,-0.2445237,-0.33333076,-0.63626274
0.0038044785,-0.016824468,-0.0030309347,-0.23861203,-0.36643315,-0.60414745
0.004180702,-0.017009022,-0.0028695827,-0.2290948,-0.33263443,-0.61713855
0.0042479862,-0.017740526,-0.0033852479,-0.25787452,-0.37534231,-0.61546203
0.0047997011,-0.017482479,-0.0027084929,-0.2367023,-0.37411125,-0.64952547
0.0046190811,-0.017231508,-0.0029501842,-0.26099085,-0.37056914,-0.64817974
0.0045293568,-0.017148133,-0.0026456744,-0.25018194,-0.37868709,-0.64069593
0.0046585544,-0.016943403,-0.0027509272,-0.25157741,-0.39481306,-0.61549159
0.0047314549,-0.016988903,-0.0027013995,-0.23959436,-0.38783442,-0.60894255
0.0046764285,-0.01657828,-0.0025122396,-0.24132234,-0.39501032,-0.58508642
0.0049922716,-0.016521065,-0.0024496462,-0.23558955,-0.38229863,-0.58718027
0.004747577,-0.016472229,-0.0025209011,-0.25301659,-0.39000872,-0.58294454
0.0050143642,-0.016725921,-0.0026102814,-0.2500365,-0.3457734,-0.63643445
0.004668291,-0.017057405,-0.0027039311,-0.26433369,-0.38481978,-0.59802701
0.0048985404,-0.017407784,-0.0032063066,-0.27675406,-0.34585089,-0.59890973
0.0042280098,-0.017401036,-0.0028856107,-0.26705947,-0.40618383,-0.54529612
0.0047824432,-0.017306175,-0.002459145,-0.24840966,-0.36930625,-0.54337111
0.0047816541,-0.017748019,-0.0027909529,-0.26355386,-0.41325646,-0.55888396
0.0054170523,-0.01793749,-0.0039856613,-0.28167887,-0.3126503,-0.64491463
0.0041056728,-0.018725295,-0.0044553656,-0.2999528,-0.37814173,-0.54128235
0.0052313152,-0.018600148,-0.0046472079,-0.30361409,-0.30227967,-0.59640393
0.0047123811,-0.019441961,-0.0045021692,-0.31319552,-0.36099675,-0.54600316
0.0051747433,-0.019594549,-0.0039015418,-0.28640017,-0.33373975,-0.61114111
0.0049158251,-0.01966549,-0.0040956198,-0.28843394,-0.36711683,-0.55947715
0.0052580728,-0.019406245,-0.004194584,-0.28103496,-0.35631414,-0.5607363
0.0053243048,-0.019611754,-0.004084068,-0.28979053,-0.38727504,-0.53732694
0.0052427681,-0.01980465,-0.0043251333,-0.28525361,-0.34573315,-0.56329297
0.0046138887,-0.020484715,-0.0052593543,-0.31080911,-0.38396413,-0.52444333
0.0050366734,-0.020028873,-0.0051445782,-0.28428686,-0.32987389,-0.54484727
0.0045271338,-0.020448077,-0.0052835232,-0.30756976,-0.38172904,-0.48182161
0.0057301532,-0.020866387,-0.0053455006,-0.29382485,-0.34617872,-0.51003755
0.0054733869,-0.020789886,-0.0053457168,-0.29394759,-0.38807273,-0.48857331
0.0055629682,-0.02041106,-0.0048064659,-0.29770466,-0.38406968,-0.50221972
0.0052188672,-0.021045185,-0.004702621,-0.30182323,-0.41465643,-0.44590682
0.0057008408,-0.021064438,-0.0046731209,-0.28793185,-0.39374185,-0.48077785
0.0052925265,-0.020982454,-0.0047508258,-0.28037411,-0.39886289,-0.45997875
0.0060229942,-0.020595791,-0.0048193171,-0.27219199,-0.39203942,-0.46473566
0.0060398809,-0.021152467,-0.0052937035,-0.27449471,-0.40912776,-0.42221538
0.0058857868,-0.020864157,-0.0055758057,-0.28535993,-0.38720117,-0.42083327
0.005964794,-0.020739313,-0.0060206594,-0.2879666,-0.39549481,-0.34876388
0.0058068154,-0.020494908,-0.0056436451,-0.27591516,-0.38507511,-0.36965893
0.0056607052,-0.020566368,-0.0057889294,-0.28022953,-0.38348303,-0.33855113
0.0057601749,-0.020294295,-0.0055044416,-0.26221643,-0.39380469,-0.35842499
0.0054097962,-0.01987709,-0.0057408563,-0.26796952,-0.39071504,-0.33321156
0.0055129813,-0.019686122,-0.0050845286,-0.24515515,-0.40619099,-0.32895593
0.0054826416,-0.0195441,-0.0048930544,-0.24231615,-0.3792381,-0.32484783
0.0054785392,-0.019264574,-0.0051332802,-0.25012097,-0.39320653,-0.30849003
0.0057966477,-0.018732298,-0.005176788,-0.23715505,-0.33520894,-0.34653291
0.0054612413,-0.019542838,-0.0054836715,-0.25207919,-0.39801801,-0.32589655
0.0058464513,-0.019083993,-0.0051126045,-0.22963352,-0.3443481,-0.34465363
0.0052671266,-0.019407802,-0.0052275111,-0.23834167,-0.38171627,-0.32749643
0.0053685927,-0.019329492,-0.0059662911,-0.25576287,-0.35457759,-0.35372151
0.0059239129,-0.019539415,-0.0057606389,-0.24384344,-0.4219647,-0.3481933
0.0066036953,-0.019299518,-0.0056130263,-0.23533467,-0.361419,-0.40332648
0.0058013644,-0.02024921,-0.006180172,-0.25548957,-0.45751693,-0.33336707
-3.469447e-18,0,0,0,0,0
0.00019633735,-0.00046865951,-0.00027951498,-0.0026047546,-0.02287714,0.075342073
0.0013185675,-2.8120988e-05,-0.00030869873,-0.016678393,-0.0098559728,0.068510081
0.0021395844,-0.00024460198,-0.00030098582,0.0057827893,-0.022974592,0.07807142
0.0027054496,0.00012101296,-4.8291012e-05,0.015027425,-0.021314749,0.071686275
0.0037847637,0.00053347275,0.00029874897,0.038750332,-0.035410742,0.084130956
0.0045380772,0.00076837033,0.00028122479,0.028436576,-0.040198416,0.11463986
0.0049766784,0.00098211106,0.00019231596,0.01327527,-0.020581502,0.10834201
0.0053774484,0.0010900639,0.00016087312,-0.00069421546,-0.033560889,0.13648113
0.0061844939,0.0015771496,0.00028855896,-0.0033908617,-0.0010255326,0.10571842
0.0066397481,0.0016572007,0.00041705415,-0.014907054,-0.0032842901,0.11482081
0.0062996233,0.0015428599,0.00029305906,-0.021110772,-0.031057366,0.1722547
0.006557237,0.0012811695,0.0003245841,-0.028486423,-0.000582143,0.13958456
0.0069507895,0.0011404938,0.00015098731,-0.046521567,-0.018444441,0.14006005
0.0074764075,0.0010504665,-8.9490287e-05,-0.071519101,-0.00015958683,0.11407499
0.0083175406,0.0010812713,-0.00021974483,-0.08237422,-0.0036061483,0.12340927
0.0085917678,0.00086237184,-0.00041396801,-0.11730026,-0.0075942593,0.12210194
0.008607338,0.0010193699,-0.00093775829,-0.14470964,-0.0064341867,0.10244733
0.0084191231,0.00081475754,-0.00086852299,-0.15324075,-0.021008727,0.14179908
0.0088066123,0.00035273199,-0.0013540976,-0.15978331,-0.026009819,0.12043363
0.0095209847,0.0002161535,-0.0010473765,-0.15621896,-0.026778439,0.11577548
0.010346224,7.0069514e-05,-0.00094566935,-0.15688625,-0.022645845,0.1120159
0.010567104,-0.00023159166,-0.0015024857,-0.20108423,-0.012546005,0.094245478
0.011613218,-0.00032780017,-0.0016002521,-0.20072935,-0.027967915,0.088937214
0.01173293,-0.00027835429,-0.0018115757,-0.22115213,-0.017258448,0.086524281
0.012242269,-0.0001894042,-0.0018590884,-0.22910709,-0.031454627,0.10013007
0.012142595,-0.00029720272,-0.0020372666,-0.2423918,-0.037650549,0.078028205
0.012267854,-0.00041021593,-0.0022201892,-0.24813462,-0.040178169,0.056401899
0.012565634,-0.00048287513,-0.0027622596,-0.27734037,-0.015970069,0.012509836
0.013008063,-0.00050831045,-0.0027829961,-0.26994586,-0.050694244,0.032271015
0.012962521,-0.00030484672,-0.0028523124,-0.28424933,-0.037484997,0.032545078
0.013816751,-0.00027231439,-0.0029422748,-0.29045313,-0.052083092,0.029262055
0.013819845,-0.00024579084,-0.0033412701,-0.30790307,-0.038026951,0.001706916
0.014073102,-0.00041119944,-0.0031080492,-0.3127638,-0.066748251,0.0032607266
0.014486041,0.00010802549,-0.0032626851,-0.32873759,-0.033861311,-0.037676594
0.015191491,-0.00057025237,-0.0027891413,-0.33549707,-0.09820101,-0.01295075
0.015598394,-0.0003980312,-0.0026469304,-0.35057621,-0.058053129,-0.059328806
0.014600107,-0.0011323383,-0.0030317863,-0.36383759,-0.12258767,0.0001652878
0.015427987,-0.0011023035,-0.0030633043,-0.36908746,-0.084925994,-0.073256435
0.014577712,-0.001548516,-0.0031832064,-0.37329883,-0.1433297,-0.018332255
0.014997613,-0.0015209159,-0.0032618823,-0.38307474,-0.087022464,-0.056394613
0.015431838,-0.0014055999,-0.0034226733,-0.38813101,-0.12850389,-0.026641246
0.015930116,-0.0013343063,-0.0033338099,-0.38924797,-0.091825566,-0.082963455
0.015551361,-0.0013512068,-0.0032101216,-0.38081455,-0.1712091,0.0071844215
0.015915641,-0.0012197682,-0.0033386401,-0.38616185,-0.12272492,-0.03851408
0.015643457,-0.0010863984,-0.0032396023,-0.37517693,-0.18183837,-0.0018174334
0.016321601,-0.00095074738,-0.0032251162,-0.3868212,-0.090569548,-0.12488553
0.015890501,-0.00092973696,-0.0030621774,-0.37097198,-0.18036615,-0.023856099
0.016659903,-0.00063940506,-0.0029692009,-0.37487344,-0.12895028,-0.10717176
0.016728141,-0.00055569847,-0.0030396992,-0.3715489,-0.16811854,-0.078763375
0.016872033,-0.00039528281,-0.0030203727,-0.37189723,-0.14609727,-0.11618199
0.016856418,-0.00065491029,-0.0032150977,-0.36796388,-0.17150037,-0.11252896
0.017184753,-0.00060223532,-0.0031075959,-0.39272129,-0.10867605,-0.21779577
0.016788959,-0.00063234664,-0.003054904,-0.38287732,-0.20086454,-0.10080628
0.017388132,-0.00051710638,-0.0033772964,-0.41100043,-0.11204614,-0.23733312
0.015950871,-0.00073297447,-0.0036124826,-0.41789413,-0.21295487,-0.09281836
0.015006888,-0.0012667857,-0.0036309191,-0.45213329,-0.17519115,-0.1450002
0.015503955,-0.0016246563,-0.0038272604,-0.47741578,-0.15612653,-0.1810521
0.016472745,-0.0013760312,-0.003452221,-0.46123987,-0.12166571,-0.21088575
0.016916074,-0.0016582487,-0.0036223536,-0.47123655,-0.14775908,-0.20054717
0.017692828,-0.0010849671,-0.003561947,-0.48152779,-0.11962831,-0.25084262
0.017495922,-0.0015739911,-0.0036034209,-0.48053183,-0.15209591,-0.25349853
0.01804206,-0.0012333922,-0.0036491557,-0.48506381,-0.10615083,-0.31879076
0.017825815,-0.001374395,-0.0035768874,-0.48410078,-0.15921112,-0.26510099
0.018360682,-0.00094141292,-0.0036414431,-0.49323805,-0.11055301,-0.34538652
0.017519446,-0.0014313913,-0.0033661707,-0.4962421,-0.152505,-0.31987758
0.017836569,-0.0011621221,-0.0033807884,-0.50649755,-0.1332101,-0.34211424
0.017610948,-0.0011518246,-0.0031068882,-0.49728311,-0.16656924,-0.3183307
0.018126328,-0.00089749691,-0.0031628232,-0.50183882,-0.12957911,-0.4035066
0.017663988,-0.0010370585,-0.0029541589,-0.4980268,-0.18388382,-0.34933589
0.018214775,-0.00077664038,-0.0023169236,-0.49275417,-0.11537962,-0.45505765
0.01754518,-0.0010298893,-0.0019495985,-0.49484825,-0.18111847,-0.36108157
0.017706653,-0.00094920083,-0.0020055434,-0.49766119,-0.12156922,-0.43817941
0.017393171,-0.00098309582,-0.0020722395,-0.51234915,-0.18238182,-0.38417801
0.017953624,-0.00081755318,-0.0023369872,-0.52985,-0.15098341,-0.44844341
0.017239171,-0.0011336638,-0.0020938922,-0.53977443,-0.18779728,-0.40179886
0.01674798,-0.0012155381,-0.0023862672,-0.54035673,-0.18454958,-0.41862601
0.016245042,-0.0025372075,-0.0024833286,-0.55223192,-0.19874168,-0.41456495
0.01582215,-0.0030297432,-0.0021009018,-0.54424436,-0.16007932,-0.45857806
0.016141738,-0.0037356298,-0.0016638204,-0.54374088,-0.20541251,-0.42776403
0.016252495,-0.0038726981,-0.0018219192,-0.57117905,-0.15646923,-0.49378045
0.016040543,-0.0038861854,-0.0018049366,-0.57626992,-0.19977109,-0.44801572
0.016520939,-0.0036334732,-0.0015298305,-0.56514161,-0.14997558,-0.5101833
0.016160491,-0.0037190547,-0.0015420465,-0.56158843,-0.19416595,-0.46621278
0.015996563,-0.0035741299,-0.0015147239,-0.56433089,-0.15696065,-0.46216386
0.016221288,-0.0034846223,-0.00139694,-0.55918578,-0.17183925,-0.46640659
0.016575559,-0.0036384237,-0.0012966745,-0.55180768,-0.14915577,-0.511768
0.016683722,-0.0036149741,-0.0010639385,-0.54064427,-0.18395931,-0.483872
0.016993294,-0.0035560841,-0.0009419724,-0.54442216,-0.16378393,-0.52387556
0.01713491,-0.0035209862,-0.0010920138,-0.54834096,-0.1688204,-0.51092249
0.016796017,-0.0034913212,-0.001191423,-0.56444256,-0.17614801,-0.52222778
0.016434238,-0.0034053379,-0.0014000376,-0.56593879,-0.20858822,-0.48176154
0.016803198,-0.0029895752,-0.0011445031,-0.57469234,-0.13996134,-0.56046779
0.01639901,-0.0030150159,-0.0012332954,-0.56629651,-0.19597247,-0.4906398
0.016411316,-0.0034405229,-0.0011438741,-0.57692541,-0.15600812,-0.50724169
0.016108174,-0.0035232785,-0.0013423904,-0.57706337,-0.18878733,-0.49893811
0.016697168,-0.0034134322,-0.0012774962,-0.58169043,-0.13951383,-0.56184847
0.016301915,-0.0033514114,-0.0013077799,-0.56737409,-0.2093255,-0.49553635
0.016709708,-0.0031762549,-0.001216241,-0.56750136,-0.14438082,-0.57904041
0.015788491,-0.003505577,-0.0013701958,-0.57917036,-0.23281077,-0.43872662
0.015448098,-0.0032380385,-0.0011477126,-0.59275705,-0.20402463,-0.45090909
0.015311486,-0.0033062378,-0.0010277318,-0.58942854,-0.23107409,-0.41392761
0.015756202,-0.0033536183,-0.00114853,-0.60199388,-0.17582559,-0.48491606
0.015755725,-0.0035866646,-0.0010192288,-0.59102828,-0.21897527,-0.43278987
0.016335853,-0.0030808068,-0.00090218166,-0.60772936,-0.15798509,-0.5413988
0.0159475,-0.0032274385,-0.00062305971,-0.60571516,-0.16998954,-0.51856831
0.01628402,-0.0029445665,-0.00032411301,-0.5954058,-0.096218509,-0.59953095
0.015600777,-0.0037207237,0.00030258265,-0.57150691,-0.1795277,-0.51362382
0.016074028,-0.0033110301,0.00043465505,-0.57712457,-0.087400577,-0.60827684
0.015531814,-0.0033239344,0.00062477223,-0.57725884,-0.17997133,-0.50546772
0.016294568,-0.0030992483,0.00064198293,-0.58294215,-0.076706625,-0.6441413
0.015929522,-0.0032308938,0.00095256265,-0.56680125,-0.16026757,-0.54279713
0.016401147,-0.0029239439,0.0012609205,-0.5542742,-0.072098836,-0.66531755
0.015784691,-0.003061452,0.0013284898,-0.5602035,-0.13877222,-0.58171
0.016314002,-0.0032344605,0.0012435405,-0.57181141,-0.088773235,-0.66586843
0.015903784,-0.0033378937,0.00096751974,-0.59497248,-0.16304835,-0.59180527
0.01627962,-0.0035094849,0.0011782668,-0.58405227,-0.11586169,-0.6880312
0.016072674,-0.0037231932,0.0010415122,-0.59770275,-0.13082986,-0.65296164
0.016294091,-0.0034103355,0.0010736805,-0.58952375,-0.09876025,-0.69434404
0.015900492,-0.0033849562,0.00099991654,-0.6027278,-0.11311991,-0.64573666
0.016153873,-0.003525527,0.00081611449,-0.61852368,-0.074071322,-0.71549099
0.016010178,-0.0039824802,0.00047420683,-0.65626965,-0.13476201,-0.6627196
0.016977319,-0.0038649699,0.00066055789,-0.63216292,-0.11760283,-0.73147466
0.017133916,-0.0041421621,0.00086887965,-0.64391569,-0.1293353,-0.70740513
0.017202176,-0.0039544222,0.0011933641,-0.61631823,-0.11549077,-0.73876134
0.017252787,-0.0039100122,0.0012523499,-0.6343187,-0.078714295,-0.78426359
0.017348826,-0.0039599785,0.00136445,-0.61167138,-0.12594131,-0.73672123
0.01756876,-0.0043628532,0.0015772454,-0.61360552,-0.077299112,-0.79827814
0.017370497,-0.0045732831,0.0015373759,-0.60782935,-0.095056989,-0.77547273
0.017333864,-0.0046273317,0.0015777563,-0.61812259,-0.062909596,-0.78724411
0.017538268,-0.0050129667,0.0016361777,-0.61401325,-0.10546859,-0.74379386
0.018214316,-0.0051586761,0.0024201796,-0.58974122,-0.078004523,-0.78484604
0.018018778,-0.0053223586,0.0023535936,-0.57795142,-0.070463926,-0.78378067
0.018228585,-0.0056691829,0.0025547385,-0.56365334,-0.074292319,-0.79389614
0.018320883,-0.0056780263,0.0026289444,-0.56530019,-0.063262035,-0.80507898
0.01809544,-0.0056779949,0.0027573881,-0.56206374,-0.061576607,-0.8236441
0.018691218,-0.0060161391,0.0027186682,-0.55057587,-0.07567023,-0.80973169
0.019128716,-0.0063283676,0.002263445,-0.57069254,-0.096524301,-0.80952962
0.018803784,-0.0062393854,0.0023052121,-0.56584651,-0.081012804,-0.78095431
0.018777013,-0.0060024086,0.002475428,-0.54612534,-0.064878389,-0.83062897
0.018692094,-0.0059399851,0.0024065238,-0.55676784,-0.047139016,-0.82174776
0.018917085,-0.006075837,0.0024435939,-0.56186568,-0.05945977,-0.82612921
0.017742174,-0.0060671479,0.0022295753,-0.56685365,0.0019845561,-0.80347518
0.013348014,-0.0068533053,0.00254831,-0.57037944,0.22581481,-0.80689675
0.013737357,-0.0064262068,0.0033883992,-0.55948989,0.12370144,-0.76655317
0.014838236,-0.0066024135,0.0036696453,-0.57827752,0.1494757,-0.83922445
0.014479824,-0.0064543069,0.0036008055,-0.57206565,0.089671149,-0.77834464
0.014404028,-0.0063257211,0.0037504386,-0.56883071,0.11155191,-0.84075464
0.014303006,-0.0059334081,0.0041960958,-0.57450109,0.058821609,-0.82117412
0.013667904,-0.0058383014,0.0043347935,-0.5642955,0.02619373,-0.81326397
0.014379416,-0.0055007664,0.0050256507,-0.56746627,0.084130922,-0.85808558
0.015252405,-0.0055860861,0.0055586297,-0.54777324,0.058712678,-0.84387571
0.01564167,-0.0058745408,0.0057571115,-0.56007551,0.11627813,-0.92535307
0.015570697,-0.0059732104,0.0058146356,-0.54474062,0.022747879,-0.83311035
0.01556285,-0.0060838898,0.0058018093,-0.56809286,0.10050688,-0.88466523
0.01489303,-0.0062000781,0.0057946789,-0.55400288,0.014466856,-0.81419482
0.015588353,-0.0058997738,0.0061340498,-0.54178007,0.11197158,-0.89801354
0.014909314,-0.0065780952,0.0058039381,-0.54589589,-0.00080251896,-0.79220038
0.015758781,-0.0064999032,0.0060443802,-0.55352676,0.1185228,-0.92308115
0.015086867,-0.007194557,0.0056557069,-0.56770691,-0.0043754023,-0.789623
0.01558385,-0.0075697059,0.0057702858,-0.57661938,0.086871964,-0.90860335
0.015122313,-0.0075580259,0.0056191317,-0.57766694,0.013678824,-0.85011866
0.015371616,-0.0076998903,0.0057754964,-0.57481768,0.089821609,-0.93755715
0.014809711,-0.0081431243,0.0054800609,-0.58484766,0.022261537,-0.9099724
0.015183394,-0.0087166549,0.0054803482,-0.60950767,0.088777974,-0.98137388
0.014969845,-0.0090267229,0.0052708027,-0.62014515,-0.0078039693,-0.88177913
0.015808528,-0.009226485,0.0051421685,-0.66362973,0.11977955,-1.0250985
0.015389318,-0.0096286862,0.0049038809,-0.65802599,-0.00024174674,-0.8910377
0.016199803,-0.0091990856,0.0055177674,-0.65316922,0.12449163,-1.0114528
0.015595019,-0.0095271362,0.0053541357,-0.6601484,0.03332719,-0.90173721
0.016441557,-0.0092536981,0.0057567033,-0.63890559,0.09567512,-0.98136807
0.016152913,-0.010055481,0.0056498527,-0.64721294,0.017637727,-0.93137823
0.016856258,-0.010022713,0.0061713019,-0.6342934,0.10773933,-1.0491379
0.016555998,-0.010004949,0.0059389952,-0.62393965,-0.021682788,-0.90480619
0.0175495,-0.009915287,0.0064937584,-0.61667313,0.088431132,-1.0467403
0.016754893,-0.010477891,0.0064428597,-0.60264227,-0.029825733,-0.91325628
0.017970135,-0.010089285,0.0071554333,-0.59062017,0.11384628,-1.0825292
0.017098174,-0.010292659,0.0067684278,-0.60339241,-0.013625021,-0.91740156
0.017916993,-0.0099351746,0.0074034594,-0.57934585,0.087813662,-1.0776458
0.01727518,-0.010100172,0.0071402236,-0.5970671,0.023590953,-1.010306
0.018423782,-0.010443728,0.0077921646,-0.57335679,0.074879234,-1.1034653
0.017843861,-0.010447162,0.0076932294,-0.57976951,-0.0040135111,-1.0041248
0.019179167,-0.01054427,0.0081914855,-0.55068795,0.082971107,-1.1283786
0.018790747,-0.010611503,0.0080635649,-0.56040963,0.012939919,-1.0320757
0.019898606,-0.010678968,0.0084157902,-0.52741707,0.052997401,-1.0953666
0.019223981,-0.010413525,0.0076867821,-0.55546407,0.031391415,-1.0741136
0.020300351,-0.0095521159,0.0074553871,-0.5672375,0.044526997,-1.0977809
0.019968521,-0.0098151281,0.0068887802,-0.57196556,-0.01821871,-1.0703542
0.020521211,-0.009654167,0.0071593081,-0.57575398,0.11887393,-1.1843682
0.019842991,-0.0099684465,0.0072057211,-0.55257775,0.0057974206,-1.0519032
0.020671583,-0.0098264825,0.0077898951,-0.54192449,0.13862875,-1.169831
0.019553593,-0.00991617,0.0075947933,-0.5376105,0.0058130684,-1.0471859
0.0210732,-0.0096089584,0.0083512793,-0.51157991,0.14369504,-1.2234689
0.019890364,-0.0095731669,0.0082128539,-0.50516729,-0.0006450522,-1.0293876
0.021133203,-0.0095188077,0.0088153025,-0.49750688,0.12538217,-1.2095255
0.019620415,-0.0097085434,0.0084217971,-0.50307789,0.010965675,-1.0481499
0.021278378,-0.0099526399,0.0086907446,-0.50231828,0.091296186,-1.1876348
0.020079487,-0.0099804972,0.0082040723,-0.5294465,0.030745376,-1.0743673
0.021001135,-0.010057342,0.0078958355,-0.54552823,0.055497285,-1.1812857
0.020302428,-0.0099023031,0.008195586,-0.52676143,0.064529449,-1.1396799
0.020595288,-0.0099837083,0.0086543473,-0.4966017,0.02269187,-1.1440393
0.020697177,-0.010113228,0.0086685915,-0.50448065,0.081402323,-1.1823577
0.020376204,-0.010093283,0.0084232425,-0.52029907,0.019158821,-1.1184756
0.020451487,-0.010047986,0.0084511174,-0.52160754,0.060919738,-1.1670857
0.020668185,-0.0099251765,0.0080453706,-0.53344711,0.052479618,-1.1703316
0.019919463,-0.0094938281,0.0077685924,-0.55513504,0.0065560165,-1.1117824
0.020298174,-0.0095806203,0.0078819162,-0.53942911,0.053123316,-1.1762843
0.019912673,-0.0093188189,0.0077973657,-0.55097946,0.038116062,-1.1331287
0.020298626,-0.0094289085,0.0080516505,-0.53100956,0.053660961,-1.1525879
0.019777353,-0.0092982427,0.0082849506,-0.53959888,0.029541191,-1.1284245
0.020257253,-0.0094037546,0.0085028536,-0.52992814,0.065542137,-1.2033989
0.019666992,-0.0094343229,0.0086883139,-0.51900239,0.043994564,-1.145711
0.019948739,-0.0094672506,0.0087494948,-0.51667149,0.074933584,-1.2210277
0.019336942,-0.0093173142,0.0086606277,-0.51399598,0.058263431,-1.1677574
0.019773442,-0.0096561081,0.0090187447,-0.5058031,0.057433343,-1.2079132
0.019513378,-0.0098341071,0.0088993738,-0.52208415,0.0018456392,-1.1402289
0.02019893,-0.0096905274,0.0092233429,-0.51511007,0.058587443,-1.2146023
0.019254832,-0.0094156193,0.0093798771,-0.50104823,0.009970936,-1.1381725
0.019719863,-0.0095976973,0.009485845,-0.50338878,0.046902869,-1.2148823
0.019113424,-0.0096562634,0.0092586516,-0.50719498,0.017334347,-1.1378051
0.019823919,-0.0099349814,0.0091456259,-0.50750971,0.027332732,-1.2166676
0.019416961,-0.0096516849,0.008931258,-0.50931003,0.03438534,-1.195891
0.019445931,-0.0098027024,0.0087660634,-0.52173659,0.040554526,-1.2463857
0.019033375,-0.0093245475,0.0089237162,-0.51299815,0.058547092,-1.2192521
0.019039388,-0.009219441,0.0090642397,-0.50899524,0.022692758,-1.2014599
0.018755484,-0.0091417623,0.0092731056,-0.50645142,0.044903966,-1.2190773
0.018348465,-0.009241182,0.0090802937,-0.50256154,-0.030617131,-1.1769855
0.019292689,-0.0088489722,0.0099093028,-0.49098069,0.078293242,-1.2629022
0.018625947,-0.0089642688,0.0097069105,-0.4622183,-0.030795662,-1.1582271
0.019433715,-0.008400836,0.010004349,-0.48343254,0.091269929,-1.2993835
0.018491111,-0.0081128947,0.0094913822,-0.48458694,-0.0080653215,-1.1563944
0.019277278,-0.0079552872,0.0097314221,-0.47135204,0.05787226,-1.2511909
0.018814085,-0.0074337499,0.0094888646,-0.47795435,0.04988857,-1.248572
0.018831943,-0.0070634275,0.0089627513,-0.50822558,0.0070034269,-1.2202506
0.018888253,-0.0075198887,0.0086498656,-0.51884634,-0.011025349,-1.212615
0.019474912,-0.0073465089,0.0087785208,-0.49970788,-0.0043299761,-1.2555774
0.019641652,-0.0073223345,0.0091151614,-0.48763446,-0.00032177578,-1.2665008
0.0196256,-0.0071451094,0.0094593599,-0.49291788,-0.011283476,-1.2598072
0.020051414,-0.006684835,0.0091457191,-0.50390263,0.016889723,-1.2855875
0.019341058,-0.0064397403,0.008610552,-0.50736271,-0.055494794,-1.2195149
0.020083139,-0.0062807315,0.0090519148,-0.51425181,0.034529939,-1.3213395
0.019527312,-0.0065541118,0.0089572679,-0.50977451,-0.026870497,-1.2308271
0.019867111,-0.0066220885,0.0087719925,-0.52562181,-0.0087278745,-1.2764941
0.019747524,-0.0060401167,0.0087559224,-0.50782598,-0.033070592,-1.2187012
0.020437777,-0.0053297491,0.0087637696,-0.51210016,-0.002237043,-1.2936039
0.019530748,-0.005460355,0.0086688468,-0.51629508,-0.047397122,-1.2288239
0.020013832,-0.0060109535,0.0086335181,-0.52315982,-0.018106113,-1.2971981
0.019673147,-0.0057433772,0.0087994725,-0.50997382,-0.057641281,-1.2314961
0.020536643,-0.0058518953,0.0089050053,-0.51670735,-0.012062855,-1.310058
0.019916621,-0.0057473241,0.0089102849,-0.51811969,-0.091183853,-1.2387359
0.020489888,-0.0057183151,0.0090467379,-0.51659449,-0.076817128,-1.278095
0.020197661,-0.0052683159,0.0089037698,-0.53550732,-0.068957559,-1.2373851
0.02039449,-0.0052089913,0.0088089639,-0.52870096,-0.078505663,-1.2517413
0.019927439,-0.0050903577,0.0083880751,-0.54288555,-0.071876693,-1.1961934
0.020355251,-0.0053586648,0.0084794561,-0.52672679,-0.096168285,-1.2079275
0.020870876,-0.0047261076,0.0084463971,-0.53529509,-0.07409394,-1.2060155
0.021342688,-0.0047754288,0.0084128259,-0.52987982,-0.12179204,-1.1749415
0.021135824,-0.0045419301,0.0084691963,-0.54656684,-0.10008232,-1.185929
0.021504075,-0.0044746064,0.0084245881,-0.54111423,-0.14918995,-1.1718021
0.021694308,-0.0042902955,0.0086600529,-0.5315588,-0.10447513,-1.1895009
0.02200359,-0.0044523461,0.0085975546,-0.52546503,-0.13937336,-1.1676758
0.021736165,-0.0042666883,0.0085227507,-0.54285667,-0.10891631,-1.1870606
0.021383897,-0.0045076632,0.0081769622,-0.54570814,-0.15719417,-1.1327756
0.021617297,-0.0043467235,0.0084388166,-0.55407079,-0.10056615,-1.1712025
0.021492569,-0.0042755657,0.0081546289,-0.55402464,-0.15889184,-1.1253475
0.022064053,-0.0041855012,0.008340471,-0.56752685,-0.10335762,-1.2026057
0.021858152,-0.0046561477,0.0081574745,-0.5668098,-0.18132513,-1.1367289
0.022057805,-0.0044612567,0.008152552,-0.58672539,-0.13169685,-1.1884301
0.021808591,-0.0049757159,0.0074555856,-0.59533084,-0.21187051,-1.1208524
0.022460016,-0.0045661326,0.0069002939,-0.61475181,-0.16784652,-1.1929064
0.022015421,-0.004181953,0.0063745168,-0.62286562,-0.23257276,-1.126881
0.022821881,-0.0041633823,0.0065454942,-0.62300114,-0.15929451,-1.2064594
0.022516803,-0.004376673,0.0060666305,-0.61718675,-0.23538804,-1.0829262
0.023084355,-0.0044430978,0.0060926583,-0.65551726,-0.1904131,-1.1358546
0.022849791,-0.0045751425,0.0057877163,-0.66072001,-0.25566261,-1.0870806
0.023888228,-0.0044949818,0.0059781869,-0.67027892,-0.19783134,-1.156406
0.024116904,-0.0046581445,0.0055197924,-0.67862959,-0.2674452,-1.0955711
0.024985185,-0.0055118615,0.0050772182,-0.73587902,-0.24501296,-1.1645462
0.024534296,-0.005437899,0.0048832367,-0.72820038,-0.27904462,-1.1029158
0.024727315,-0.0050944723,0.005294172,-0.72214237,-0.26526738,-1.1323103
0.0246124,-0.0049891145,0.0053376333,-0.71841832,-0.28027143,-1.1096177
0.024022633,-0.0048581078,0.0054605228,-0.71316752,-0.29253125,-1.1271843
0.024245914,-0.0047809275,0.0054683044,-0.7154734,-0.25839026,-1.152947
0.023943887,-0.0046655365,0.0052727495,-0.72729392,-0.2745408,-1.119132
0.024144197,-0.0048689445,0.0051542689,-0.73784487,-0.2731589,-1.1202013
0.023928781,-0.0048539834,0.0049130948,-0.74521024,-0.28587716,-1.0824372
0.02399491,-0.0046680986,0.0046680766,-0.74700257,-0.26652231,-1.0937569
0.023678444,-0.0042406662,0.0043078186,-0.74402376,-0.30297162,-1.0585887
0.024573009,-0.004222138,0.0044667079,-0.74801193,-0.27473279,-1.1008994
0.024182472,-0.0039703996,0.0042402089,-0.75534499,-0.31855328,-1.0424378
0.024894832,-0.0040648138,0.0042850211,-0.74689847,-0.31095498,-1.0689205
0.02469059,-0.0040742759,0.0043283484,-0.75525731,-0.29344744,-1.0709414
0.024893592,-0.0042652699,0.0041913037,-0.75066135,-0.31672093,-1.0726778
0.025491923,-0.0035621895,0.0043796834,-0.75260031,-0.28779937,-1.1008586
0.025442464,-0.0036339207,0.0041911114,-0.75192861,-0.33645285,-1.0417032
0.025718336,-0.0030970497,0.0042645933,-0.74485883,-0.32391153,-1.0704179
0.025815094,-0.0028915874,0.0042938737,-0.74828519,-0.33939826,-1.0696685
0.025782511,-0.0028163086,0.0043403001,-0.7295902,-0.37629999,-1.054002
0.025701132,-0.0034152747,0.0045978705,-0.73724098,-0.34339112,-1.1080816
0.025346377,-0.0032381608,0.0048806704,-0.7237051,-0.38696999,-1.0614622
0.025975397,-0.0034389159,0.004687551,-0.73248709,-0.35386993,-1.1042487
0.025873059,-0.0031631767,0.0044675146,-0.74037481,-0.35500813,-1.0667079
0.026631141,-0.0032420788,0.004316983,-0.73932597,-0.37036713,-1.0518891
0.026481245,-0.0026376917,0.0046054053,-0.72667849,-0.3507823,-1.0468561
0.025632837,-0.0026255557,0.0046784932,-0.72421014,-0.39469009,-1.0093104
0.025542876,-0.0026998068,0.0048412927,-0.71946991,-0.3772454,-1.0171869
0.025729237,-0.0027250468,0.0050063001,-0.6956487,-0.3883752,-0.97555841
0.024869211,-0.0029770942,0.0050201196,-0.69979424,-0.40501884,-0.92311687
0.024919804,-0.003014321,0.0050250307,-0.707947,-0.43351939,-0.92622946
0.025312172,-0.0031284206,0.0047403347,-0.70757657,-0.45017489,-0.93844237
0.024987451,-0.0029537594,0.0049172225,-0.70307397,-0.46420642,-0.88699643
0.025551514,-0.002640393,0.0050571574,-0.69551939,-0.47156587,-0.89434647
0.025660171,-0.0021382501,0.0051904239,-0.68705657,-0.48928763,-0.86979895
0.02623987,-0.0020898549,0.0053610515,-0.67435538,-0.47516224,-0.87769293
0.025997055,-0.0019243917,0.005310757,-0.68039659,-0.50502794,-0.82928147
0.025937416,-0.0017042896,0.0053060883,-0.70087866,-0.58897817,-0.78528914
0.022992248,-0.0014480431,0.0041481839,-0.73263469,-0.80607698,-0.48383617
0.02679125,-0.0020476395,0.0045152846,-0.78432386,-0.72121297,-0.77440514
0.024944476,-0.0025840277,0.0065313543,-0.76641543,-0.70052542,-0.74004038
0.024149104,-0.0020674012,0.0063174763,-0.76706151,-0.59396369,-0.74868673
0.025382227,-0.001846595,0.0064485255,-0.77232295,-0.56202191,-0.74114128
0.024808662,-0.0018066162,0.0059509802,-0.78867979,-0.61147566,-0.68073876
0.02536195,-0.0016064176,0.0060047651,-0.80006434,-0.57852604,-0.7084135
0.024682288,-0.0015444446,0.0056769008,-0.79855326,-0.65578362,-0.63440441
0.024978539,-0.0014158822,0.0058966696,-0.80761472,-0.61295761,-0.69254592
0.024073555,-0.0016030373,0.005842542,-0.80550458,-0.68236124,-0.59837885
0.024786354,-0.0022765734,0.0062468571,-0.7920379,-0.67318346,-0.62920761
0.02364832,-0.0020955636,0.006201854,-0.79894941,-0.68900588,-0.59465749
0.023709924,-0.0022646538,0.0061439697,-0.80200237,-0.68116815,-0.61142849
0.022737258,-0.0021698504,0.0060456002,-0.81193562,-0.70362595,-0.5892632
0.022856903,-0.0026916977,0.0057820005,-0.82869223,-0.6906041,-0.65054884
0.022256199,-0.0023425758,0.0058503122,-0.83050029,-0.69675849,-0.61914152
0.022598377,-0.0024841956,0.0057803581,-0.8307923,-0.69017601,-0.63321661
0.022351892,-0.0024512818,0.0058287485,-0.82720354,-0.69940448,-0.60672598
0.022664,-0.0026635223,0.0057670484,-0.83720475,-0.71535956,-0.61362071
0.022161196,-0.0029370455,0.005691075,-0.85607173,-0.69926204,-0.6140914
0.022507276,-0.0029315975,0.0057818329,-0.84585375,-0.7084244,-0.6265323
0.02165763,-0.0027776994,0.0056316521,-0.86461914,-0.71486755,-0.60229742
0.022371333,-0.002776611,0.0056515901,-0.86002636,-0.72877356,-0.6030975
0.021931713,-0.002974611,0.0056597835,-0.85658506,-0.74317412,-0.55772665
0.021683497,-0.0029497812,0.0057397675,-0.85673938,-0.75741122,-0.55784806
0.021742316,-0.003122137,0.0053810029,-0.87211794,-0.7238788,-0.5830485
0.021842012,-0.0030389658,0.005463143,-0.86411767,-0.73301772,-0.59517525
0.021714597,-0.0022304473,0.0049074353,-0.87540319,-0.70511717,-0.59740121
0.021812422,-0.0020771995,0.0042228698,-0.90040644,-0.74860693,-0.54696166
0.021988233,-0.0019307422,0.0040105443,-0.91999168,-0.68997609,-0.5973791
0.021787413,-0.0020203214,0.0039388863,-0.92393608,-0.72933467,-0.55765963
0.021943142,-0.0015520997,0.0042628622,-0.91160565,-0.70718767,-0.57573269
0.02164588,-0.0013929437,0.0044160404,-0.9109226,-0.75806925,-0.55576869
0.021749874,-0.0016373961,0.0042959301,-0.93561297,-0.7164736,-0.62096018
0.022107453,-0.001556483,0.0044033221,-0.93306451,-0.73727715,-0.5855221
0.022403267,-0.0012385301,0.0042120208,-0.95599182,-0.71653442,-0.60335961
0.022085759,-0.0011106928,0.0038016699,-0.94206041,-0.78960923,-0.53745164
0.022485041,-0.00092294875,0.0035638698,-0.94970661,-0.76200735,-0.59943499
0.022515661,-0.0010355593,0.0036033074,-0.94415551,-0.7781582,-0.59448271
0.022479821,-0.0010258099,0.0036288306,-0.94298139,-0.79912301,-0.57790385
0.022543631,-0.00087358917,0.00371786,-0.9421428,-0.76440813,-0.60179434
0.022374417,-0.00096320597,0.0034466758,-0.93508012,-0.82782143,-0.56551707
