0,0,0,0,0,0
0.0010108116,0.00082273321,0.00032113064,0.01673754,0.044402128,-0.036008264
0.0021309731,0.0016858178,0.00063057192,0.058533223,0.0089163118,0.0054800504
0.0026167991,0.0023715072,0.001024999,0.083237468,0.021987418,-0.028945474
0.0033159234,0.0031931768,0.0017790626,0.11945685,0.034786586,-0.071820136
0.0048668564,0.0049442799,0.0021354368,0.16102769,0.027693517,-0.067300895
0.0054841204,0.0060659369,0.0019089631,0.1748059,-0.010737369,-0.02566308
0.0048393812,0.0060208331,0.001934274,0.18199163,-0.0042160806,-0.041504668
0.0040781926,0.005456015,0.0019143497,0.17592637,-0.012628749,-0.033094228
0.0036455309,0.0050732143,0.001660285,0.17284463,0.016590569,-0.036789255
0.0032351006,0.0045535631,0.0012026299,0.13758014,-0.018997885,0.014877726
0.0034160539,0.0048344885,0.0014225775,0.15925677,-0.045752862,0.087171067
0.0037955769,0.0055417653,0.00155181,0.17340499,-0.024567536,0.072133284
0.0036939001,0.0054638518,0.001647777,0.17243607,-0.028401359,0.065500885
0.0041968244,0.0060564533,0.0018654987,0.1889241,-0.025828318,0.058194194
0.0044860562,0.0062472947,0.0017808409,0.18680168,-0.031613611,0.049723116
0.0042928545,0.0062197477,0.0017252031,0.18581096,-0.025937516,0.039234311
0.0039608005,0.0060477577,0.0018879008,0.19376732,-0.035800533,0.066903516
0.0037084917,0.0060038708,0.0017046344,0.18932651,-0.036566532,0.071821449
0.0035882877,0.0056854828,0.0018164252,0.19493674,-0.040428827,0.080503386
0.0033275158,0.005605192,0.0019709483,0.19192652,-0.051008148,0.098046061
0.0044544583,0.0063328151,0.0019567044,0.21034319,-0.061981416,0.092950718
0.0049074449,0.0066851649,0.0020472131,0.22332319,-0.073900358,0.10092767
0.0051384116,0.0071436742,0.0022467452,0.23766241,-0.075249377,0.091173824
0.0056285665,0.007826,0.0025408225,0.26601277,-0.07640319,0.056859513
0.0063569602,0.0081895306,0.0023107516,0.27189236,-0.060495531,0.069979065
0.0067133415,0.0083671341,0.0022541676,0.27930993,-0.076917915,0.10585902
0.0061354742,0.0080573301,0.0024586487,0.28076892,-0.07572676,0.11717051
0.005764667,0.0082825339,0.0026581897,0.26706409,-0.065760882,0.10033939
0.0056530955,0.0082314258,0.0024101925,0.24836338,-0.064237576,0.1379126
0.0058540277,0.0083520815,0.0022750294,0.24660336,-0.076882596,0.18598085
0.006361715,0.0086262552,0.002486766,0.2748782,-0.088093438,0.21907222
0.0063687067,0.0088929939,0.0027992465,0.28514884,-0.095112998,0.21942468
0.0064735351,0.0090284264,0.0030559181,0.30852178,-0.087271858,0.1863137
0.0066936372,0.0092510075,0.0029293262,0.31922738,-0.097153595,0.17749195
0.0069673056,0.0098107316,0.0028866969,0.33422574,-0.10134634,0.18542333
0.0073867006,0.0098817072,0.0029613492,0.35168358,-0.095785648,0.19101491
0.0068324758,0.0096658376,0.0029597078,0.35289954,-0.10094048,0.18922975
0.0069610384,0.0098443497,0.003092197,0.35024564,-0.11680464,0.22126658
0.0068654922,0.0096349093,0.003112032,0.34572147,-0.095445954,0.18889136
0.0071772065,0.00999981,0.0030331779,0.3555318,-0.09970364,0.19488174
0.0078054634,0.010223663,0.0031734114,0.36869609,-0.096092453,0.18245155
0.0081346528,0.010429404,0.0032739399,0.37860677,-0.10073119,0.18522513
0.0086836422,0.010956493,0.0034298311,0.38568183,-0.093373685,0.1840683
0.008935768,0.011037735,0.0035564152,0.38911831,-0.079845333,0.18904578
0.009297872,0.010992915,0.0035012614,0.39129229,-0.092752621,0.22183647
0.0090907701,0.010492282,0.003233286,0.36391636,-0.097222553,0.23259194
0.0088100531,0.01067584,0.0035751893,0.3825291,-0.081931775,0.21005876
0.0089025792,0.010607453,0.0036784611,0.38518321,-0.067617726,0.19559084
0.0093203153,0.010770894,0.0035748393,0.37811411,-0.079879108,0.17162509
0.0092058618,0.010731491,0.0035865131,0.40150933,-0.073422076,0.19385279
0.009230178,0.010871479,0.0039584269,0.42576781,-0.061819146,0.20515048
0.0092543727,0.011140063,0.0041622362,0.4479022,-0.076090267,0.20536496
0.0089845197,0.011173166,0.0043813948,0.45637239,-0.048784616,0.18055827
0.0089935814,0.011465773,0.0042717684,0.46237787,-0.071231778,0.19991045
0.010820678,0.0118595,0.0052063159,0.46346274,-0.011045679,0.12991745
0.010735399,0.011732776,0.0057019535,0.48766586,0.024833264,0.12702253
0.0099927597,0.011895455,0.005689874,0.50789909,-0.0022457034,0.18142349
0.0098722888,0.011779345,0.0058530062,0.5155284,0.0069128217,0.16582727
0.010233151,0.011813367,0.0056544075,0.51935705,-0.032506138,0.20769851
0.011147398,0.012484939,0.0056421829,0.5320622,-0.04116842,0.21498079
0.011590065,0.01264689,0.0058940691,0.548376,-0.035241724,0.19973196
0.011677954,0.012911947,0.0062644565,0.56574062,-0.022362078,0.18023288
0.011674539,0.013140569,0.0062820322,0.57082722,-0.028417849,0.17707467
0.011855395,0.013160165,0.0066038896,0.57677165,-0.034781476,0.19820485
0.012100426,0.012896768,0.0065898218,0.57333228,-0.020085585,0.18720186
0.011474562,0.012305865,0.0066799116,0.56271595,-0.0077067435,0.14797741
0.011777821,0.012067133,0.0066744655,0.55472902,-0.015716089,0.17638132
0.011735989,0.011942834,0.0063537034,0.53546841,-0.015785778,0.18214498
0.011613516,0.012196674,0.0064341816,0.5456107,-0.0022106072,0.17108071
0.011593746,0.012479607,0.0064301879,0.55448516,-0.030150353,0.21567227
0.011594559,0.012534312,0.0064948011,0.56829341,-0.017458245,0.22508732
0.011996637,0.012688617,0.0064630214,0.56444563,-0.043409627,0.24379862
0.01168673,0.012731022,0.0062957429,0.55586836,-0.038882234,0.23816267
0.011605884,0.012695638,0.006593188,0.57184265,-0.01240816,0.22644569
0.012039954,0.012663837,0.0061124255,0.52198481,-0.025996595,0.23400243
0.01195424,0.011762218,0.0063280474,0.51078213,0.0011810798,0.19891304
0.010986834,0.011613402,0.0062592488,0.50619915,0.014350426,0.18945326
0.011179723,0.011874656,0.0061315821,0.51591669,-0.0018241073,0.21348903
0.010948205,0.012117989,0.0064249688,0.53767714,-0.0040808195,0.22307677
0.011190269,0.012432356,0.0065643609,0.54454644,0.00011820735,0.22857665
0.011362665,0.012318408,0.0066014683,0.54400245,0.00065518036,0.21858353
0.011381328,0.012497687,0.0067205192,0.56424631,0.0051287855,0.2021866
0.011688565,0.012870394,0.0069159003,0.5551093,0.016214567,0.15374804
0.012006855,0.012780555,0.0071333828,0.55628978,0.035903649,0.10149
0.011383401,0.012403874,0.0070849635,0.54896883,0.048839264,0.1001268
0.011242264,0.01255253,0.0068094123,0.53662944,0.0504376,0.11831941
0.011446714,0.012638779,0.006825279,0.52237976,0.023406982,0.16277322
0.011625341,0.013096318,0.0067986006,0.54254184,0.046796621,0.16431662
0.011464924,0.01318954,0.0070283334,0.56767892,0.020057097,0.21535443
0.011638817,0.013276902,0.0071977805,0.57279788,0.026940686,0.20262984
0.011510367,0.013255062,0.0071968997,0.57796958,0.030780634,0.21587697
0.011473568,0.013347277,0.0070433633,0.56639551,0.020948431,0.22418264
0.011577427,0.013474122,0.007352402,0.59091202,0.034314594,0.19532929
0.011102479,0.013333352,0.007270133,0.58955091,0.050482016,0.1890985
0.010005022,0.012713578,0.0073428622,0.57311698,0.048151364,0.16996436
0.010459235,0.012915376,0.0072730309,0.5700453,0.065381232,0.18468548
0.010024893,0.012782076,0.0071006588,0.56643339,0.053305229,0.159596
0.0099092084,0.013097449,0.0074797015,0.59148835,0.058602883,0.142653
0.0096873456,0.012709543,0.0075377296,0.57966112,0.020178385,0.19593485
0.0098240537,0.01307015,0.0077059208,0.6053155,0.055299391,0.19769937
0.0099628392,0.013519481,0.0077900125,0.61608364,0.020593443,0.23618024
0.0099969877,0.013419887,0.00777128,0.61186331,0.040336162,0.22713766
0.009932793,0.013644621,0.0078689218,0.61495037,0.036455139,0.20897389
0.0097238642,0.013101978,0.0074948404,0.59358122,0.079621179,0.15659013
0.0095189141,0.012695576,0.0072717326,0.56363352,0.063429496,0.22330638
0.0088740782,0.012863978,0.0076080131,0.56154068,0.072437336,0.19310869
0.0091618632,0.013426568,0.0078498125,0.58656725,0.047969533,0.20820555
0.009220651,0.013415976,0.0079476037,0.60449277,0.035634755,0.22361345
0.0090355412,0.013407359,0.0080680721,0.60319277,0.039709658,0.22881095
0.0092255488,0.013443258,0.0081271826,0.60486186,0.054376753,0.21025439
0.0093298467,0.013379723,0.007941551,0.59976702,0.044592111,0.2313652
0.0094525701,0.013188194,0.0080513986,0.59461387,0.034965235,0.26009402
0.0091352823,0.012848706,0.0076606998,0.5779257,0.043655081,0.28244884
0.0088641561,0.012385171,0.0074264845,0.56103521,0.058201725,0.27540709
0.008777948,0.012471751,0.0075476297,0.55466378,0.053975416,0.25089285
0.0086341823,0.012590471,0.0075881614,0.55937942,0.038643413,0.26514799
0.0088766003,0.012700879,0.0077115627,0.56732042,0.03607602,0.30025632
0.0090758441,0.012626488,0.0079454373,0.56435,0.060291632,0.29310653
0.0089169783,0.012763063,0.0079510575,0.55961494,0.061032504,0.28006076
0.0088823166,0.012750654,0.0080846987,0.5680596,0.071745881,0.26279921
0.0085426365,0.012692569,0.0080615827,0.56992544,0.057238377,0.26421121
0.0084298381,0.012823285,0.0079329195,0.57754952,0.068208016,0.25179794
0.0083166475,0.012762759,0.0081271805,0.58737691,0.066929844,0.24875458
0.0081801052,0.012599483,0.0078158142,0.57015012,0.061301017,0.27166987
0.0083336511,0.012491142,0.0079660149,0.56464592,0.067023132,0.25738983
0.008640129,0.012828137,0.0077954756,0.55922904,0.034350298,0.27549485
0.015049481,0.013697397,0.0074779116,0.51962924,0.12537067,0.055148201
0.012293851,0.01355291,0.0070262551,0.50506349,0.15895218,0.094748119
0.010862683,0.012673874,0.006876743,0.48720032,0.10803753,0.18686201
0.010289024,0.012691115,0.0072347572,0.51688869,0.10825228,0.18060729
0.0097915956,0.012574363,0.0070627501,0.53308612,0.091988397,0.20738757
0.0093677827,0.012128129,0.0070717534,0.51437774,0.097534118,0.1958521
0.0079900487,0.01180695,0.0065342619,0.46594582,0.099097424,0.23010999
0.007676352,0.012025172,0.0067229634,0.48907266,0.083472008,0.26569325
0.007575153,0.012683209,0.0072927646,0.52852178,0.075474255,0.28855234
0.0080219218,0.012865859,0.0073462095,0.53414801,0.073305922,0.26578879
0.0080300291,0.013010678,0.0074239421,0.5442774,0.076139337,0.27678601
0.0083554928,0.013420617,0.0077617258,0.56437644,0.095206539,0.26834293
0.0083802527,0.013439375,0.0077584836,0.57080517,0.074850761,0.28618235
0.008439044,0.013529498,0.0080008027,0.5943824,0.12064659,0.23534028
0.0086301933,0.013509495,0.008077572,0.5923213,0.082159625,0.23978093
0.0084785281,0.012795728,0.0077250296,0.57025507,0.10464457,0.23803546
0.0079740966,0.012657065,0.0080242707,0.5779186,0.10078568,0.26102567
0.0078172791,0.01306615,0.0082832491,0.59710328,0.10938451,0.25656748
0.0073817927,0.012771403,0.0082537676,0.5944627,0.08771891,0.26954443
0.0080293762,0.013269659,0.0082195433,0.5936602,0.1171518,0.21642384
0.0081785974,0.013156092,0.007937352,0.57086056,0.11391212,0.19721897
0.0081236483,0.013181938,0.0079929853,0.56781163,0.12128589,0.18909742
0.0080839817,0.013081344,0.0079728741,0.56935609,0.11838968,0.22106397
0.0079832177,0.013449723,0.0081353429,0.58361315,0.1286318,0.1987799
0.0077013474,0.013047758,0.0078688035,0.5699542,0.13089391,0.21655229
0.0075718831,0.013063629,0.0077350136,0.53508541,0.13533993,0.21545168
0.0080623597,0.012169247,0.0073990589,0.51492249,0.12046777,0.23506273
0.008004999,0.012186475,0.0071761871,0.50350882,0.1201038,0.22924697
0.007829748,0.012478184,0.0071532698,0.4930802,0.097429163,0.26549131
0.0083022392,0.012732652,0.0072497785,0.49973189,0.11805725,0.25427609
0.0082400276,0.013152062,0.0073753983,0.50916387,0.12008646,0.24725196
0.008414977,0.012951563,0.0078510778,0.51841934,0.13181711,0.21027289
0.0080778408,0.013165978,0.0077262723,0.51752155,0.12457453,0.21282235
0.0081938677,0.013211157,0.0078077517,0.52408977,0.122735,0.21014257
0.0079788135,0.013228263,0.0073604379,0.51155021,0.12927101,0.23465622
0.011412983,0.013985225,0.0064169184,0.44231487,0.22563339,-0.053507442
0.01021301,0.012776756,0.0059344135,0.42048516,0.20874705,0.027692954
0.0083985633,0.01234704,0.006137141,0.42485915,0.17689262,0.12915041
0.0084075019,0.01246897,0.0063937128,0.43877919,0.16041348,0.16009739
0.0076760012,0.012346367,0.0062957112,0.4384429,0.14500427,0.21718594
0.0081994989,0.012679938,0.0066297175,0.44342706,0.15573372,0.17910414
0.0073206214,0.012492729,0.0067547564,0.45781436,0.15673137,0.20750901
0.0069424094,0.01292941,0.0069298047,0.458902,0.14647214,0.20854142
0.006693191,0.012739552,0.0068229694,0.44627542,0.13486486,0.21157792
0.006807057,0.012562005,0.0067540888,0.4464572,0.15433875,0.18680702
0.006487232,0.012730527,0.0071300309,0.47860458,0.16561619,0.20439792
0.0064752256,0.012987223,0.0074471191,0.50546278,0.15472519,0.23020876
0.0065217608,0.013191037,0.0075716637,0.51181367,0.14552667,0.22462894
0.0065089258,0.013176685,0.0077324677,0.52440996,0.13745006,0.2318272
0.0066428694,0.01315473,0.0077580539,0.51931638,0.164947,0.21283884
0.0072916203,0.013411419,0.0076144569,0.51742517,0.17663998,0.17485998
0.0070471663,0.01286355,0.0078297863,0.51215677,0.17317354,0.17152275
0.0070497823,0.013126719,0.008060151,0.52195005,0.17695833,0.19315746
0.0067586771,0.012987053,0.0080072668,0.52749896,0.19024961,0.16582692
0.0066287544,0.013052942,0.0082538302,0.54589112,0.16461488,0.20134978
0.0065520209,0.012782803,0.0082599974,0.53806928,0.18376092,0.19012713
0.0064819828,0.013183074,0.0082828504,0.55256188,0.18067237,0.18834849
0.0067960267,0.013495054,0.008435059,0.55779338,0.17274987,0.21320117
0.007670578,0.014462329,0.008475094,0.56534268,0.20122723,0.16749545
0.0075823299,0.014047944,0.0082836618,0.55207463,0.19912325,0.12991266
0.0072504467,0.013642976,0.0084274753,0.55352176,0.21830126,0.1098361
0.0069544836,0.013835175,0.0085091385,0.54834509,0.20859956,0.16424358
0.0072547302,0.01399035,0.0086442883,0.562016,0.20417514,0.1721695
0.006771967,0.013499,0.0084321544,0.55217255,0.19229186,0.17645383
0.0066998091,0.01324731,0.0082984937,0.5442077,0.20031742,0.17893461
0.0065845231,0.013274298,0.0081953003,0.53839933,0.19783203,0.19747894
0.0066695972,0.01362789,0.0080750454,0.54459654,0.1927987,0.18936078
0.006548479,0.014429521,0.0083257452,0.56764864,0.18960272,0.17712532
0.006535691,0.014632882,0.0083652551,0.57206383,0.17838551,0.1902409
0.006630848,0.014691374,0.0083943626,0.5831167,0.19334698,0.18063506
0.0065973941,0.014491368,0.0082318418,0.57174941,0.20154111,0.18933066
0.0064898246,0.014600883,0.0084448757,0.58451451,0.20304509,0.19240767
0.006410761,0.014493637,0.0084435256,0.58344544,0.21175917,0.1588223
0.0061061577,0.013942633,0.0080001905,0.55023897,0.19691686,0.16492645
0.0063875944,0.013838793,0.0079787453,0.54756237,0.20693127,0.15439601
0.0065052905,0.013793822,0.0078204018,0.53608719,0.21299631,0.12408244
0.0064477002,0.014099141,0.0081806931,0.55544731,0.19126912,0.15741692
0.0063299331,0.014388795,0.0083448899,0.57117362,0.1905968,0.16603472
0.0065316968,0.014540427,0.0083119126,0.57954572,0.19043105,0.17524306
0.0064189771,0.014684999,0.0081116497,0.57073198,0.18510655,0.18571089
0.0064967384,0.014553667,0.0081434316,0.5614683,0.20206383,0.18678765
0.0062794851,0.014757768,0.0082004988,0.56666613,0.19167645,0.17747432
0.0064732478,0.014355678,0.0079180591,0.56462134,0.20359087,0.15759095
0.006251302,0.014246277,0.0076746251,0.54445364,0.19180422,0.18236491
0.0064126958,0.014677729,0.0076939676,0.54643071,0.21090483,0.18900496
0.0061029682,0.014815895,0.007959435,0.56058945,0.19354842,0.20077821
0.0065548179,0.015523537,0.0079104069,0.5720428,0.20041795,0.16941059
0.0066175259,0.014975145,0.0076926868,0.53521443,0.20662919,0.14891503
0.0064748469,0.014273585,0.0071254656,0.49797275,0.22366195,0.14080177
0.0061280537,0.014578877,0.0072491737,0.51206743,0.23049299,0.1262962
0.0061732033,0.014942014,0.0075447959,0.53191733,0.25112568,0.12092682
0.0060727332,0.015359175,0.0076232424,0.55702395,0.23543113,0.14580728
0.0055523516,0.014860953,0.0074788575,0.55364377,0.23056034,0.15534957
0.0050899544,0.01434913,0.0075261116,0.54081007,0.20063222,0.20663841
0.0050060632,0.014622791,0.007805983,0.55038233,0.22187052,0.19629033
0.0050745903,0.015293496,0.0077601427,0.56089078,0.19820282,0.19431361
0.0052679186,0.015157346,0.0077327322,0.55158575,0.20285599,0.18760186
0.0053000677,0.015126622,0.0076321808,0.54266084,0.20047914,0.19640744
0.0052188423,0.014883581,0.0074228584,0.52425304,0.20046834,0.2108016
0.005057039,0.014834186,0.0072205324,0.53167276,0.21210674,0.20830313
0.0053480663,0.014952089,0.0072136326,0.53360827,0.20980986,0.19521056
0.0051274593,0.014382943,0.007132584,0.51261297,0.22022439,0.15416686
0.0047197232,0.013414304,0.0066421921,0.47776297,0.2330992,0.13937604
0.0048071437,0.013511677,0.0067438246,0.48985396,0.22498984,0.17120388
0.0048514987,0.014247137,0.0068556984,0.51231784,0.22906095,0.18271597
0.0049407462,0.014512068,0.0070194244,0.52355019,0.23868109,0.18525168
0.0049693821,0.01466049,0.0071858905,0.53525439,0.2479523,0.18610758
0.005286593,0.015100696,0.006866855,0.53217405,0.26602286,0.13336123
0.00506105,0.014609528,0.0065291003,0.52161842,0.23569034,0.15100831
0.0051003889,0.014258641,0.0064722511,0.51077926,0.24527078,0.14623527
0.0049336767,0.014089808,0.0067187362,0.5196216,0.23907082,0.14828131
0.0051227532,0.014406424,0.0066806179,0.51965809,0.24965136,0.1251482
0.0048446953,0.014551116,0.0066650404,0.52469009,0.22555851,0.17505469
0.0049472328,0.014960774,0.0069903599,0.53586111,0.23454072,0.19071549
0.0047633037,0.015537221,0.0070939804,0.55774955,0.22217248,0.20730474
0.004962337,0.015790969,0.0070442079,0.57488218,0.2205301,0.20413673
0.0046141111,0.015825982,0.0071214972,0.57504138,0.21947174,0.18592919
0.004917172,0.016099131,0.0074736195,0.58625351,0.25302176,0.1376926
0.0045812098,0.016050924,0.0074331182,0.59016358,0.23549582,0.1756218
0.0046764854,0.016140883,0.007451531,0.59433038,0.23854003,0.17410867
0.0044077848,0.015557808,0.0075429301,0.57631353,0.23017834,0.15956995
0.0043635929,0.015143923,0.0074692769,0.56417153,0.23731928,0.14219634
0.0042660099,0.015021514,0.0073055455,0.55472696,0.25113785,0.13156706
0.0043080605,0.014995665,0.0073579045,0.55251507,0.24193314,0.15887164
0.0046739962,0.015427654,0.0072450801,0.55597596,0.23565797,0.14095472
0.0049414749,0.015207957,0.0070673788,0.5398546,0.24797955,0.12190903
0.004812378,0.014613133,0.0069888132,0.52350045,0.254533,0.11112495
0.0046957399,0.014751053,0.0072879388,0.5428625,0.27083262,0.097051046
0.0047109139,0.015434381,0.0073659396,0.57724125,0.27704243,0.10089137
0.0045195504,0.015513742,0.0073542992,0.58508429,0.25861441,0.13083094
0.0045915224,0.015507262,0.0074128313,0.5875423,0.2610274,0.13515155
0.0043993621,0.015347538,0.0073018,0.58654868,0.25545143,0.15842616
0.0040251239,0.014853009,0.0073169289,0.57062958,0.24776018,0.16396454
0.0040760224,0.015241012,0.0073983668,0.57681015,0.23449736,0.15605055
0.0044843539,0.015429354,0.0071063056,0.56898086,0.24166714,0.15175257
0.0048855965,0.015759459,0.0071151093,0.56757754,0.25010162,0.11137745
0.0049417425,0.015192846,0.0068830264,0.53437452,0.26730795,0.069678761
0.0047834106,0.015316333,0.0069279826,0.54410255,0.27837343,0.033998373
0.0046732849,0.015335482,0.0070610146,0.54626185,0.29680917,0.027071905
0.00445753,0.015739711,0.0072638023,0.5690613,0.2906807,0.073238403
0.004808798,0.014918816,0.0069913413,0.54648839,0.29106133,0.078834276
0.0046672954,0.014457802,0.0066791038,0.52849395,0.29806888,0.062997626
0.0047818813,0.014328279,0.0069799753,0.53038827,0.29578052,0.056157169
0.0046509734,0.014356684,0.0069180804,0.5257476,0.28820299,0.085233916
0.0043412917,0.015119668,0.0070872355,0.55233061,0.27356641,0.11636252
0.0042099236,0.015095846,0.0069925679,0.54937268,0.26264848,0.14465212
0.0042889372,0.015696936,0.0069831364,0.56302633,0.25681478,0.14717052
0.0041141004,0.015481634,0.006964956,0.56550827,0.26118408,0.14818093
0.004025226,0.015485794,0.0069054277,0.56716471,0.27245084,0.15635949
0.003952465,0.014922555,0.0068393672,0.53964699,0.27852743,0.12267242
0.0038271389,0.014556705,0.0070077319,0.55200893,0.27261311,0.13406384
0.0037837835,0.014803671,0.0069750818,0.55651379,0.28008242,0.12603052
0.0038322981,0.014982878,0.007030573,0.55359126,0.27306144,0.13192233
0.003658233,0.015188971,0.0071127191,0.57236995,0.25714531,0.15896608
0.0037173589,0.015199268,0.0069819765,0.57398024,0.27236746,0.14055934
0.003678517,0.015274143,0.0070150072,0.57216884,0.26815204,0.14061374
0.0037818271,0.01511862,0.0067316472,0.55317308,0.26200826,0.13764476
0.0035941774,0.015214872,0.006625918,0.55751843,0.26677908,0.1369682
0.0036293872,0.015186443,0.0066540567,0.56013865,0.27333447,0.11948922
0.0036329937,0.014859342,0.0067848754,0.55752421,0.28946933,0.11206935
0.0036146057,0.014825238,0.006709321,0.56138421,0.28322529,0.13346479
0.0035178363,0.015051894,0.006705366,0.58067875,0.27604152,0.13628063
0.0039054687,0.015274158,0.0068002051,0.58919757,0.28546053,0.12002802
0.0038055824,0.015283673,0.0066549405,0.58384066,0.27519533,0.13339206
0.0037650208,0.015279271,0.0068536117,0.59331374,0.28859547,0.11619598
0.0038598046,0.015430241,0.0069058597,0.59554167,0.2837376,0.12024255
0.0041299839,0.015790721,0.0066552414,0.5867323,0.2834891,0.10908125
0.0037550689,0.015546371,0.0067737642,0.59161633,0.28529945,0.13385906
0.00365825,0.015087404,0.0069023487,0.58094336,0.27802814,0.13915421
0.0036683172,0.014695451,0.0066872116,0.56161751,0.29843455,0.13766896
0.0034871256,0.01434698,0.0068819648,0.54689506,0.29415549,0.15231541
0.0034043509,0.015124639,0.0068179811,0.56381812,0.29865141,0.12822795
0.0035569423,0.015179442,0.0067840081,0.57944313,0.30020795,0.13790316
0.0034062437,0.015466401,0.0068633064,0.58770929,0.29175119,0.16798081
0.0034674238,0.015539903,0.0066362649,0.57656221,0.29158059,0.18426781
0.0029291868,0.015565297,0.0066003392,0.57887384,0.28609971,0.18793788
0.0031358755,0.015549159,0.0066762444,0.5725435,0.28897392,0.15443945
0.0030649886,0.015221266,0.0068147682,0.57495529,0.29759198,0.12275857
0.0034325411,0.0147968,0.006666349,0.55058447,0.30210177,0.097934995
0.0031216997,0.014303237,0.0068543505,0.54660096,0.29297465,0.15566736
0.003777803,0.014822539,0.0067821222,0.55086357,0.29627911,0.11794124
0.0035278059,0.014828316,0.0063446734,0.5314856,0.27004194,0.15095737
0.0075510916,0.016210246,0.0049455086,0.44952025,0.38879574,-0.087665887
0.0057933909,0.016227144,0.0049441512,0.46555125,0.33211658,0.014135215
0.0043189593,0.015934827,0.0055784644,0.49059301,0.30907514,0.099762563
0.0046227943,0.016341638,0.0059249298,0.51538517,0.3244695,0.086353108
0.0038799815,0.016509161,0.0062833777,0.54112873,0.30965508,0.087142357
0.0040779893,0.016114649,0.0062480788,0.53548952,0.30194973,0.065050983
0.003760084,0.015981758,0.0061173146,0.52611405,0.30844076,0.092083847
0.0034662053,0.015974883,0.006007526,0.52055288,0.31132462,0.078844892
0.0030841499,0.016353877,0.0060562691,0.52575241,0.28759054,0.13297406
0.0031009032,0.016100302,0.0062616806,0.5234831,0.30166218,0.11352738
0.0030908737,0.016231459,0.0062582075,0.53315903,0.30728373,0.11475463
0.0034290567,0.016729319,0.0063921642,0.53389945,0.33856793,0.075669121
0.0029846437,0.01610533,0.0065919685,0.51840828,0.32220691,0.061932332
0.0030868875,0.015643955,0.0063858273,0.51081262,0.3424514,0.035584903
0.002581622,0.015802352,0.006936049,0.53568571,0.34065778,0.051217719
0.0028502155,0.015347325,0.0068229685,0.53554537,0.34491291,0.058973601
0.0027254438,0.015374755,0.0067642801,0.5434788,0.34114129,0.083208635
0.0027617323,0.015349826,0.0069504176,0.54952441,0.33030728,0.068313522
0.0026177931,0.015622006,0.0068184364,0.55646502,0.32324334,0.12063931
0.0025261876,0.01564808,0.0069477728,0.58321402,0.3352659,0.12778694
0.002348598,0.015967504,0.0072298003,0.59882363,0.33452206,0.14011322
0.0022372848,0.016067504,0.0072618028,0.59898688,0.32632912,0.12721216
0.0020849704,0.016235945,0.0073651177,0.61119591,0.32478014,0.12796312
0.0018825318,0.016247739,0.0074620621,0.61655641,0.31675274,0.13541722
0.0017783809,0.016446777,0.0075250873,0.62680748,0.33310989,0.10796813
0.0016283082,0.016185362,0.0075592912,0.63134537,0.32682271,0.12680645
0.0015127171,0.016303791,0.0077755776,0.63427041,0.32905512,0.1134013
0.0017223488,0.016603939,0.0076401996,0.63631406,0.32910244,0.10339806
0.0014760038,0.016684201,0.0079804365,0.65035504,0.3364801,0.084272171
0.0014677609,0.016923695,0.0080882572,0.63994865,0.34621283,0.073027671
0.0017389571,0.017310739,0.0079593829,0.63873973,0.34413511,0.066713349
0.0018663806,0.017079544,0.0078178482,0.62793905,0.34914984,0.046405309
0.0021804467,0.0167703,0.0078878157,0.62177936,0.3443378,0.053705329
0.002617873,0.01627838,0.0077964835,0.62051897,0.36613813,0.023377131
0.0025851496,0.015666653,0.0074369501,0.59930872,0.35051426,0.032475502
0.0024480728,0.015136034,0.0072553112,0.58587424,0.35287907,0.045646839
0.0026686727,0.01544028,0.007503461,0.59510479,0.35119769,0.02738362
0.0023318449,0.01594137,0.0072476031,0.60355514,0.33173743,0.087323495
0.0023527538,0.0158835,0.0071022789,0.60576079,0.3251353,0.10731887
0.0023409828,0.016108314,0.0072821145,0.61355836,0.31809879,0.071299421
0.0024287457,0.015622056,0.0072553757,0.60039127,0.34619839,0.039430488
0.0023979576,0.015686257,0.0073471082,0.60263525,0.34773648,0.028696014
0.0023194029,0.015488129,0.0076313842,0.60083098,0.35729897,0.023375827
0.0027555641,0.015746366,0.007548243,0.59968366,0.37377776,0.0063032814
0.0029013968,0.015377407,0.0075361753,0.60641553,0.39054421,-0.0027965965
0.0029190186,0.015419587,0.0076536221,0.62228975,0.39428194,0.011615775
0.0025202811,0.015502628,0.007605502,0.6300614,0.38794411,0.033533893
0.0025625815,0.015327574,0.0077063867,0.63853634,0.37047334,0.045896127
0.002385169,0.015232296,0.0077812213,0.63808702,0.38565884,0.051417534
0,0,0,0,0,0
-1.9556278e-06,0.00048555634,2.6574328e-05,0.0060214644,0.0018068517,0.038249255
0.00089345707,0.0019119179,-9.3520512e-05,-0.005817849,0.034388328,-0.053689882
0.00049988923,0.001661116,-0.0010253918,-0.051866532,0.018208711,0.012794811
-0.00011776189,0.0017410077,-0.00071071826,-0.03506223,0.018820396,0.055268025
-0.00038583955,0.0014462166,-0.00074221383,-0.032701056,0.021218417,0.066221954
-0.00021006072,0.0015617365,-0.00045291481,0.00059118045,0.037307444,0.05287131
-0.00042565227,0.0014817605,-0.00065729884,-0.02597239,0.0061549448,0.092824195
0.00014199867,0.0015324617,-0.00077384219,-0.040388038,0.0090095858,0.04666974
0.00013504752,0.0011046738,-0.0010963246,-0.076604385,0.027868221,0.0014487056
-0.0004181705,0.00056753124,-0.0011968587,-0.066925324,0.0041422784,0.027899386
-0.00082385735,0.00093629671,-0.0011272492,-0.062799079,-0.019506527,0.12581602
-0.00078407666,0.0011095424,-0.0012930707,-0.061229246,-0.014225973,0.14005742
-0.00076645414,0.0010234456,-0.0012437352,-0.05688472,0.0038845751,0.13343303
-0.00091969951,0.0010371554,-0.0009930775,-0.052239183,-0.008976964,0.12603469
-0.0010262688,0.0011040914,-0.0011408261,-0.055261947,-0.014198362,0.1494653
-0.00098788433,0.001111763,-0.0012147803,-0.043368651,-0.0091122762,0.14504184
-0.00068317262,0.0012572172,-0.00057101695,-0.0049850678,-0.0025935492,0.068622048
-0.00048801797,0.0011088141,-0.00051374664,0.009702575,0.000667062,0.069203046
-0.00068274127,0.00078322645,-0.0004782003,0.0083923795,0.013353675,0.049115873
-0.00099150254,0.00058419462,-0.00042389135,-0.0056419012,-0.0068103738,0.073408308
-0.00069741687,0.00094491832,-0.00044993501,0.0015215822,-0.0042653663,0.067398442
-0.00085082671,0.00087661989,-0.00063839435,-0.011536492,0.00086992141,0.076208497
-0.00060780271,0.0010993981,-0.00057113872,-0.008472586,0.011687776,0.041165282
-0.00024896243,0.0012702977,-0.00081615416,-0.0330487,0.0090201543,0.0038822118
-0.0003065442,0.0010432931,-0.0010452981,-0.034485601,-0.007689013,0.050053287
-0.00035152053,0.00087399854,-0.00081090201,-0.035250064,0.023238286,-0.01147269
-0.00076884671,0.0011307547,-0.00085467238,-0.039272651,0.015936819,0.046968848
-0.00066316017,0.00077067318,-0.00093328312,-0.040041603,0.020970034,0.06094699
-0.0004853279,0.00057035585,-0.00084769409,-0.036612862,0.01740096,0.055051501
-0.00096665059,0.00060557192,-0.00095598849,-0.029437917,-0.010292795,0.11255016
-0.00072834482,0.00089456806,-0.00097533116,-0.020898144,0.0040337792,0.06040789
-0.00033684971,0.0012028593,-0.0010611002,-0.041782521,0.023869304,0.011677934
-0.00021851798,0.001009379,-0.0011336915,-0.038473473,0.0298438,0.018831838
-0.00039422971,0.00087666912,-0.0012169787,-0.045537102,0.03400676,0.024257234
-0.00093080651,0.00094694441,-0.0010460198,-0.02854375,0.012232197,0.064297836
-0.00070201227,0.0010718446,-0.00090049477,-0.012760894,0.0072910309,0.074790173
-0.0010585285,0.00099837356,-0.0011660848,-0.027281615,-0.0034215402,0.10926528
-0.001124601,0.0007979432,-0.0011066453,-0.038769179,0.0051848643,0.087779408
-0.0010982901,0.00091210987,-0.00086594724,-0.033907698,-0.00034116488,0.074099582
-0.00099980044,0.0010861849,-0.00092734405,-0.040780357,-0.0035153412,0.062564745
-0.00096037894,0.00097060992,-0.0010417183,-0.04389758,-0.0056351913,0.058880198
-0.00082439122,0.0011698407,-0.00096408462,-0.047215252,-0.0034929964,0.034885465
-0.00067066727,0.0012908718,-0.00091240307,-0.048266629,0.013546893,0.043698303
-0.00075405253,0.0015031983,-0.0010494762,-0.042921758,0.0074440359,0.052824109
-0.001075083,0.0013140831,-0.0010549686,-0.050238602,-0.014374288,0.095869033
-0.0007153235,0.0012757339,-0.00093785333,-0.042927172,0.017795085,0.028463402
-0.00065428944,0.0009464101,-0.0013386514,-0.066223733,0.017095751,0.024703867
-0.00070763659,0.0010985471,-0.00071872089,-0.030695219,0.017655165,0.035515371
-0.00073746697,0.0011296873,-0.00085972368,-0.024526042,0.0084052901,0.077828899
-0.00095897007,0.0011653097,-0.0010285558,-0.018781827,-0.0042523971,0.10580502
-0.00067198676,0.0015811026,-0.00075799167,-0.022055092,0.0026220578,0.06117635
-0.00040732981,0.001545757,-0.00046748261,-0.0049713364,0.012772015,0.024225261
-0.00068830466,0.0013468586,-0.00048331625,-0.0011286806,0.0092374772,0.025656042
-0.00083756086,0.0010184844,-0.00018668155,0.0089355444,-0.002668295,0.051166567
-0.00087225625,0.0011753935,-0.00022930195,0.011455707,-0.0067425864,0.064094386
-0.00067425351,0.0012219376,-0.00026947809,0.019177332,-0.0012520391,0.040190168
-0.00084479107,0.00093662612,-0.00024476343,0.014363439,-0.0095697202,0.046812105
-0.00084087757,0.00069208267,-0.0002500875,0.0059425777,0.0021228043,0.094651372
-0.00076300144,0.0009559185,-0.00023340027,0.0197757,-0.0001068141,0.067830985
-0.00092273325,0.00065974901,-9.4066793e-05,0.030777265,-0.0067305503,0.076867439
-0.0010025569,0.00071837771,-0.00033748167,0.020260073,-0.027590818,0.13300446
-0.0010430745,0.00070986378,-0.0002837938,0.027802349,-0.0032967901,0.10660355
-0.0010417542,0.0010064643,-8.7600395e-05,0.044846436,0.0026045702,0.073437235
-0.0010297258,0.0013367049,-0.00038319237,0.027145664,-0.0093539174,0.053923132
-0.0004727255,0.0010305557,-0.00056404968,0.015030552,0.019548046,-0.010610748
-0.00081525068,0.00066808017,-0.00028329809,0.014351932,0.017119262,-0.0049610662
-0.00092250589,0.00066057243,-0.00045195343,-0.0048776068,0.010929514,0.042159015
-0.0011048123,0.0004869308,-0.0005034429,-0.011901835,0.013088342,0.062102767
-0.0012236345,0.00048211007,-0.00044075475,-0.0070826481,-0.0095324193,0.059859041
-0.0013995827,0.00085945832,-0.00068815916,-0.015088664,-0.02605042,0.11473786
-0.0013570705,0.00084755656,-0.00080835017,-0.017279431,-0.0070770068,0.09490063
-0.0017745478,0.0011115836,-0.0007336839,-0.011854806,-0.011544523,0.11486867
-0.0017505448,0.0011000751,-0.00081111911,-0.0088239403,-0.0092647104,0.11426352
-0.0019184629,0.0012084831,-0.00087381974,-0.0049371607,-0.0012503947,0.10487847
-0.0014249265,0.0012482993,-0.00046977556,0.013312038,-0.0016659774,0.076631006
-0.0013311622,0.0013918955,-0.00039782454,0.030366937,0.013413055,0.074877598
-0.001596238,0.0014708883,-0.00049412173,0.018873006,-0.0057991478,0.071856768
-0.0016637136,0.0014968669,-0.00045545864,0.018565726,0.00034341015,0.092166326
-0.0017439911,0.0017197672,-0.00055469568,0.012608114,-0.00070598638,0.091483624
-0.0020269398,0.0017511685,-0.00049060475,0.0084404788,-0.0064882567,0.11034464
-0.0015100359,0.0020879412,-0.0004452465,0.016757651,0.01682175,0.073953076
-0.0017420097,0.0018266802,-0.00064851436,0.0090245719,0.00070387304,0.12741342
-0.0015641993,0.0018387376,-0.00072525467,0.0012163421,-0.00086262657,0.10731984
-0.0012954452,0.0019308024,-0.0005626462,-0.0035360685,-0.0052623903,0.066396174
-0.0011184913,0.001702575,-0.00087072052,-0.014704044,0.0015722839,0.058660291
-0.0010622313,0.0016419389,-0.00089196831,-0.021673554,0.024991801,0.016775171
-0.0011709186,0.0014652403,-0.00036754326,0.0031977178,0.033446286,0.030540087
-0.0013211134,0.0014302321,-0.00064366965,-0.0066750048,0.019080519,0.093707201
-0.0014598587,0.0016601569,-0.00073703926,0.015582352,0.0072700643,0.1323189
-0.0018576273,0.0016727652,-0.00082191242,0.012688707,-0.0037561597,0.1545301
-0.0016481109,0.0021741505,-0.00080578245,0.016804463,0.0062445283,0.13446468
-0.0016914007,0.0028139745,-0.0010778839,0.011792814,-0.0022578415,0.15839348
-0.0016306125,0.0031872196,-0.0010727975,0.015045737,0.0075435801,0.14750399
-0.0014009146,0.0031030419,-0.00066830783,0.032722545,0.01445612,0.099798867
-0.0013164037,0.0030351232,-0.00063642401,0.040126448,0.012992636,0.10274373
-0.0011399945,0.0028597019,-0.00034929298,0.054690891,0.036614749,0.079458987
-0.00060738338,0.0034567515,0.00045664483,0.096403897,0.048209524,-0.037404884
-0.0011134423,0.0030653797,1.8371215e-05,0.08259748,0.0092109302,0.064657195
-0.00071372644,0.0029596974,0.00049553344,0.11884517,0.043185411,0.0084812838
-0.00069465864,0.0030111974,0.00016295073,0.074164913,0.027707734,-0.0083527749
-0.00053076629,0.0027191489,-9.7001119e-05,0.048114451,0.048565648,-0.02702546
-0.00098033958,0.0025892642,-0.00039750628,0.034516951,0.043330003,-0.013625017
-0.001236582,0.0023577654,-0.0003109555,0.042560826,0.035878851,0.039708447
-0.00096641187,0.0023098358,-0.00010345162,0.066990276,0.038386908,0.031578821
-0.0011131295,0.0021774583,-0.00019169825,0.071600126,0.02450428,0.073329836
-0.0013448243,0.0022349278,-5.9426105e-05,0.078323879,0.0041880032,0.10596503
-0.0016058938,0.0022027795,-0.00012814168,0.074135955,0.011575195,0.12346086
-0.0018376879,0.0024779796,-0.00045271075,0.055507448,0.01582767,0.11909016
-0.0015152357,0.0027691671,-8.2369148e-05,0.064295222,0.035771272,0.076737141
-0.0010484987,0.0029771997,-4.5632368e-05,0.059726997,0.044872254,0.028932382
-0.00078016826,0.0029389136,0.00026994427,0.089599722,0.06815041,-0.039183031
-0.0012078188,0.0026918101,0.0004347438,0.097890337,0.050146639,-0.0016930495
-0.0014108545,0.0026815923,7.2108359e-05,0.081600517,0.04125183,0.076669902
-0.0013444411,0.0024647569,9.0300321e-05,0.078344555,0.044138764,0.05189573
-0.0013513392,0.0024755302,0.00022103529,0.082498778,0.0400821,0.067039214
-0.0013126861,0.0025723954,0.00045779222,0.10942387,0.041362097,0.052816757
-0.0015045373,0.0027951108,0.00037662288,0.10165359,0.027361895,0.062707879
-0.0015400967,0.0031696187,0.00030823848,0.094703497,0.019911736,0.074720964
-0.0013926095,0.0033023937,0.00019452025,0.090188353,0.04469548,0.054108464
-0.001346449,0.0035465835,0.00074724954,0.12287468,0.037015519,0.037637758
-0.0012727216,0.003825879,0.00096026883,0.14742886,0.065406074,0.044022539
-0.001398737,0.0038371815,0.0010191017,0.16138755,0.04908124,0.03181302
-0.0016778604,0.0036600799,0.001294366,0.17686345,0.050505504,0.037006995
-0.0016453185,0.0037705563,0.0013835018,0.18327377,0.049482735,0.051528692
-0.0017461632,0.0032651758,0.00089222412,0.16032034,0.037782158,0.077318672
-0.0015566458,0.0032871697,0.0010918446,0.1599305,0.040196567,0.061345967
-0.0015668071,0.0035726365,0.00094442449,0.16190989,0.051689618,0.076225885
-0.0015459329,0.0032703018,0.0010599077,0.16864829,0.047023618,0.050380115
-0.0017415526,0.0032203742,0.00079351052,0.15287017,0.032371241,0.071364987
-0.0018103345,0.0033465847,0.00067955625,0.13456612,0.041506922,0.094761647
-0.0016469692,0.0034366964,0.0005195736,0.13319139,0.044937547,0.08754994
-0.0015778002,0.0032594639,0.0010679124,0.15472743,0.044750453,0.073594963
-0.0013834802,0.003508507,0.001215616,0.17299764,0.061293059,0.040995583
-0.001719729,0.0036703458,0.0011930017,0.17232427,0.049671374,0.028860738
-0.0017778945,0.0036344009,0.00087684798,0.13433996,0.024605896,0.084913533
-0.0015524264,0.0036958023,0.00094688175,0.12911704,0.062888379,0.054655444
-0.0017836127,0.003719293,0.00089597194,0.12747088,0.048633292,0.10310137
-0.0019410564,0.0039986751,0.001318209,0.14083527,0.070568188,0.063516492
-0.00074079732,0.0045213943,0.00098904253,0.14522651,0.051668868,0.12175592
0.0055968278,0.0059856021,0.00067768373,0.12914577,0.19729433,-0.24450138
0.0039314947,0.0063533297,0.0014359357,0.19149424,0.24537649,-0.37182001
0.0023530867,0.0061647642,0.0011502279,0.17626638,0.1676893,-0.15532723
0.0012684702,0.0058203005,0.0012317904,0.17651659,0.16839537,-0.074780324
8.2052926e-05,0.0056411113,0.0016477702,0.19397978,0.13155462,0.006783379
-0.00079302415,0.00528502,0.0017377546,0.1846876,0.11948428,0.056792524
-0.0010835573,0.0052691589,0.0017073912,0.19064014,0.097888744,0.080306895
-0.0014339338,0.005036737,0.001673709,0.18530739,0.0961199,0.11467082
-0.0009604736,0.0059420015,0.0017093816,0.19530669,0.10287605,0.06221339
-0.0010397386,0.005427163,0.001545808,0.18955449,0.092930546,0.086602708
-0.001594599,0.0051575637,0.0018182761,0.19737013,0.096438163,0.09724745
-0.0018582617,0.0053500498,0.0019807945,0.20912388,0.10799496,0.11981267
-0.0021894671,0.0052861671,0.002210789,0.24293378,0.10834372,0.13354268
-0.0023563925,0.0053756729,0.0024889019,0.26844913,0.098500272,0.15380902
-0.0020252851,0.005501047,0.0029007062,0.29804509,0.11777474,0.097878365
-0.0023657354,0.0052271807,0.0030751071,0.30313163,0.12172442,0.054973112
-0.0027426702,0.0051641085,0.0031342712,0.28812536,0.095871936,0.10534967
-0.0020802817,0.0054251309,0.0033436949,0.30203623,0.12148064,0.042332418
-0.0027732578,0.0051633792,0.0032200082,0.29602816,0.081159911,0.10157067
-0.002371278,0.0056999356,0.003285663,0.29612377,0.11414225,0.089773418
-0.0025380946,0.0057079747,0.0030118306,0.28161786,0.079600016,0.14977859
-0.002341086,0.005820338,0.0032266276,0.28759435,0.089160597,0.11754685
-0.002187459,0.0059600898,0.0040889127,0.34500488,0.11447647,0.055087457
-0.002384361,0.0060714947,0.0039938295,0.34750624,0.12377086,0.048391386
-0.0025457527,0.0055421954,0.0043305154,0.3581987,0.11203128,0.064500052
-0.0028291781,0.0054728737,0.0042987148,0.35090053,0.10383298,0.11455361
-0.0032158123,0.0052640525,0.0038936076,0.3230453,0.092184207,0.14197121
-0.0031117919,0.0053947672,0.0034635236,0.30235995,0.10239444,0.13594003
-0.0030950146,0.0055989913,0.003588603,0.30961011,0.078121107,0.1679939
-0.0028324633,0.0058020738,0.003696876,0.32355788,0.11963948,0.14131499
-0.0029478357,0.0061588791,0.0037878924,0.33580827,0.094799872,0.15017867
-0.002864454,0.0063756732,0.0034777574,0.31005638,0.11035173,0.16494212
-0.002963741,0.0063860937,0.0035353041,0.30770547,0.11832856,0.12644968
-0.0029948326,0.0059472132,0.0034464967,0.29984411,0.12549345,0.098324487
-0.0030364879,0.0055704156,0.003662228,0.29911265,0.11033343,0.13139937
-0.0031140312,0.0054534823,0.0035065386,0.29566313,0.11320811,0.13645018
-0.0035529189,0.0055172802,0.0035299343,0.30557889,0.09169936,0.16875719
-0.0034557457,0.0059369842,0.0035805176,0.31879603,0.088927327,0.17226442
-0.0032785334,0.0062112936,0.0036214624,0.32250774,0.093979748,0.16576046
-0.0032912519,0.0063225158,0.0036274731,0.32885556,0.12634347,0.12006471
-0.0035181309,0.0062538541,0.0037613967,0.33339566,0.11222665,0.13959664
-0.0033981719,0.0063936198,0.0039406877,0.35503854,0.13717806,0.13398851
-0.0035204733,0.0060318967,0.0040255776,0.36835376,0.10827267,0.15330578
-0.003448696,0.0061250474,0.003808047,0.34483531,0.11228348,0.15375041
-0.0032929994,0.0059660478,0.0037994625,0.33606965,0.1108505,0.1464915
-0.0034225287,0.0060441022,0.0036135246,0.32076453,0.13434333,0.10637993
-0.0036341527,0.0060498797,0.0034714455,0.2961479,0.091967519,0.182657
-0.0033039408,0.0065716434,0.0032624444,0.30215637,0.111598,0.17100419
-0.0032336667,0.0064308339,0.0034165608,0.30831101,0.092850075,0.20527575
-0.0032248315,0.006848307,0.0032821249,0.29817095,0.12619887,0.1549867
-0.0025128098,0.0065815669,0.003511356,0.29234275,0.12686061,0.064244856
0.0027559748,0.01009816,0.0027403122,0.34615538,0.50842678,-0.86524823
-0.0016696407,0.009500165,0.0011683034,0.18224366,0.2006784,-0.038944785
-0.0036815518,0.0080147358,0.001311758,0.15063516,0.052863271,0.29014319
-0.0031301769,0.0084878193,0.0015042441,0.18858281,0.15083887,0.18173427
-0.0043612595,0.0078790177,0.0017074418,0.18661718,0.10460192,0.32229593
-0.0043661575,0.0081435094,0.0014373013,0.17666131,0.1332173,0.31208901
-0.0042486404,0.0076834508,0.001698137,0.19096188,0.11594156,0.33808651
-0.0049141814,0.0076675701,0.0020268548,0.20219998,0.13551565,0.35419346
-0.0050087001,0.0074527167,0.0020877949,0.20344194,0.12438066,0.38430259
-0.0052108832,0.0076604749,0.0021523306,0.22015836,0.13276637,0.43076549
-0.005761585,0.0072540947,0.0023461316,0.23515329,0.10101767,0.51138148
-0.0058084112,0.0073232225,0.0027214554,0.272393,0.109216,0.48699847
-0.0059548286,0.0072240414,0.0025181584,0.25716531,0.10043476,0.52998416
-0.0065365135,0.0070976853,0.0023948999,0.24044959,0.099487538,0.53749835
-0.0064934169,0.0073602916,0.0025778517,0.24075085,0.10416699,0.5340371
-0.0065709502,0.0075869795,0.0025073441,0.24018849,0.085919492,0.54011534
-0.0066380864,0.007250637,0.0027107897,0.25245387,0.097820537,0.54975937
-0.0060403245,0.0079473754,0.0026062645,0.25041427,0.12042313,0.46847102
-0.0063588715,0.0074400329,0.0026392887,0.2431333,0.11078986,0.50700479
-0.0068145923,0.0073624505,0.0028762731,0.25981434,0.10877335,0.52579425
-0.0065483241,0.0075746546,0.0031985554,0.2819764,0.13078119,0.52160809
-0.0064582277,0.0072715281,0.0030164388,0.26513783,0.12668965,0.50899223
-0.0065343487,0.0067610947,0.0027047248,0.23559698,0.11117337,0.52941871
-0.0065011109,0.0068670761,0.0027129633,0.24501745,0.1317119,0.5540247
-0.0064454423,0.0069328277,0.0025319474,0.23703065,0.12299534,0.54939832
-0.0065528284,0.0068032578,0.002708207,0.24656688,0.12660628,0.58043258
-0.0061948241,0.0073126641,0.002829754,0.2608808,0.13548167,0.56431549
-0.0065339337,0.0075731897,0.002977392,0.27555584,0.12584755,0.59901259
-0.0064817892,0.0077818669,0.0030799712,0.28806967,0.13210955,0.59772502
-0.0067512309,0.0078431545,0.0031157276,0.28944656,0.12292601,0.59607623
-0.0068191064,0.0077881196,0.0031682546,0.30007192,0.13226991,0.59092208
-0.006643692,0.0077163306,0.0031220592,0.29307571,0.14319208,0.58515905
-0.0066241987,0.0075737628,0.0028800778,0.27562808,0.13106305,0.61489118
-0.0067640264,0.0076410804,0.0027688257,0.28456077,0.13981052,0.60135629
-0.006447527,0.0082601564,0.0026707329,0.27950735,0.12460125,0.61736999
-0.0066735749,0.0081373101,0.0027551398,0.28600219,0.12722083,0.61797427
-0.0067313513,0.0081162281,0.0030296765,0.3018673,0.11899709,0.63377851
-0.0068089302,0.0087042168,0.0032892961,0.3275212,0.11884959,0.64902619
-0.0069603442,0.0086271032,0.0032892143,0.33025229,0.11183237,0.62850653
-0.0071771358,0.0085996128,0.0036005459,0.34218416,0.11951797,0.60062243
-0.0068581906,0.0082969148,0.0034856064,0.3231066,0.13107211,0.60254863
-0.0071622949,0.0083888297,0.0033385743,0.31867463,0.11949312,0.61846289
-0.0071392852,0.0079612774,0.0031037288,0.28852384,0.11419108,0.62492449
-0.0073442755,0.0081279914,0.0031888207,0.28988847,0.11038235,0.63550463
-0.0073233618,0.0079649312,0.0031887122,0.28791819,0.11238669,0.63618123
-0.0072977911,0.0078642052,0.0035204737,0.30087267,0.12569705,0.6356123
-0.0072406398,0.008260891,0.0034836112,0.3112383,0.1394581,0.63209217
-0.0072182571,0.0086729051,0.0032788158,0.31733947,0.13547268,0.63525398
-0.0070141974,0.008979144,0.0031104759,0.30319258,0.10799849,0.67456878
-0.006855315,0.008795438,0.0032062961,0.30309443,0.12004019,0.6250481
-0.0056195082,0.0090876306,0.0031763629,0.29029898,0.16509203,0.47435876
-0.0055033333,0.0087982812,0.0030723377,0.27869589,0.17068654,0.46781459
-0.0062173973,0.0090289018,0.0031523429,0.28255459,0.12831681,0.55514234
-0.006611068,0.0091146442,0.0030995631,0.28285267,0.109775,0.59624145
-0.0065331134,0.0091272315,0.0029478435,0.27493008,0.11853496,0.61993446
-0.0065324628,0.0094785153,0.0028030775,0.27010131,0.13415639,0.59249022
-0.0054875566,0.009501082,0.0027287769,0.2643878,0.18910946,0.43127414
-0.0061323024,0.0090313055,0.0024863173,0.24678892,0.16363391,0.55104308
-0.0065420005,0.0090467335,0.0027858016,0.267424,0.13680223,0.61904759
-0.0069786075,0.0089115463,0.002942924,0.28413575,0.14679292,0.61981411
-0.0069579717,0.0088730206,0.0028615791,0.27913978,0.13877804,0.6247103
-0.0072377515,0.008856889,0.0031914893,0.30810659,0.12566414,0.68992347
-0.0071632087,0.0092162703,0.0035430079,0.33738264,0.12369032,0.66585181
-0.0073109366,0.0092577779,0.0041633359,0.39231228,0.12778962,0.63605642
-0.007472281,0.0089742708,0.0039242553,0.35606702,0.12051414,0.68486507
-0.007793002,0.0085932235,0.0039598309,0.3633497,0.1223482,0.67551363
-0.0076695925,0.0089199675,0.0038756732,0.36316236,0.12281138,0.66857324
-0.00812465,0.0089679815,0.0037427124,0.36042038,0.11126866,0.71800447
-0.007637483,0.0090570715,0.0036606343,0.35346159,0.12333782,0.65961198
-0.0080438717,0.0085675425,0.0035841302,0.33901617,0.12196346,0.66374578
-0.0068042245,0.0082598566,0.0033029026,0.29476974,0.14882548,0.56124795
-0.0078509354,0.0079462672,0.002966804,0.27957076,0.11670867,0.62413879
-0.0071513563,0.0080582286,0.0031917469,0.29665595,0.13386801,0.62027928
-0.0076388482,0.0086532654,0.0032751228,0.31319712,0.1210603,0.65186174
-0.0040683391,0.0089817257,0.0020283298,0.23087713,0.17007372,0.52177966
-0.0016946528,0.0093031133,0.0015528438,0.2111036,0.25936441,0.30843105
-0.0040407088,0.0092708636,0.0022180192,0.24867375,0.19245361,0.4956253
-0.0046375742,0.009114972,0.0023873841,0.24007593,0.19433286,0.49978973
-0.0059267027,0.0087649878,0.0028354734,0.27036,0.16754479,0.60269809
-0.0060364525,0.0087740813,0.002580247,0.27262101,0.15445954,0.63333541
-0.0068168965,0.0083813913,0.0026239794,0.27508644,0.12997688,0.69496078
-0.0066467862,0.0087984483,0.0027972282,0.28848278,0.12740256,0.67155085
-0.0071533256,0.0087713605,0.0027420185,0.28758225,0.11197889,0.68722
-0.0067480898,0.009208624,0.0028888183,0.30306123,0.13580366,0.66580381
-0.0068562429,0.0094841473,0.0030804911,0.31294367,0.14429863,0.64884324
-0.0067255506,0.0096972351,0.0029838503,0.31342086,0.14388563,0.63543222
-0.0068457909,0.0096594853,0.0031790624,0.33553411,0.13051628,0.67376747
-0.0066664775,0.0096158824,0.0033793331,0.3561858,0.14676363,0.62959397
-0.0065214789,0.0098340847,0.0039585029,0.40746862,0.16421008,0.5957949
-0.0065336306,0.010241667,0.0037485897,0.40192125,0.13705525,0.64436283
-0.0068123636,0.010524145,0.0037547997,0.39843856,0.1469551,0.63440848
-0.0068239916,0.010760831,0.0037537034,0.3847292,0.13131251,0.63912531
-0.0067897963,0.010764102,0.0038304072,0.38228993,0.15261306,0.6091398
-0.0066094585,0.010708335,0.0037432833,0.37102396,0.16338205,0.55486421
-0.0066343198,0.010485419,0.0036020535,0.3542587,0.15726615,0.56200131
-0.0067426588,0.010254278,0.0037544037,0.38239041,0.15803506,0.58545498
-0.0070100598,0.0099493348,0.0039461715,0.4093984,0.1504852,0.6201324
-0.0068931972,0.010362026,0.0043604963,0.43188893,0.13613943,0.63962122
-0.0068769519,0.010185851,0.0043497163,0.43419598,0.12877227,0.61856008
-0.0066786491,0.010118893,0.0038548158,0.40490108,0.15374934,0.58406649
-0.0067879652,0.010620456,0.0035736947,0.39043174,0.15276309,0.60690819
-0.0068650909,0.010583462,0.0033338178,0.36868289,0.14793073,0.62192085
-0.0068905135,0.010427563,0.0034353535,0.36806164,0.14737916,0.62016672
-0.0068607113,0.010669138,0.003401153,0.36758677,0.15145244,0.63432631
-0.0074732902,0.010913383,0.003497916,0.38093606,0.13648825,0.65819716
-0.0076617994,0.011194058,0.0035265845,0.39145587,0.13930193,0.64868513
-0.0079634965,0.011092442,0.0037612,0.38812218,0.13348942,0.64205781
-0.0077906162,0.010679628,0.0036248229,0.3717771,0.1378349,0.63792639
-0.0077236504,0.010615688,0.0035687239,0.37084545,0.13810351,0.64415083
-0.0076504108,0.010575907,0.0033992818,0.352435,0.13994956,0.66368446
-0.0075589452,0.010871767,0.0032322555,0.35550629,0.12586377,0.6764692
-0.0075008683,0.010953714,0.0032012708,0.36619831,0.11229929,0.71888813
-0.007570006,0.011027977,0.0032845842,0.37154846,0.14664572,0.68499198
-0.0074621626,0.011287248,0.0030702489,0.36787337,0.14687678,0.67706858
-0.0075351144,0.011089169,0.0028038221,0.33519082,0.13492671,0.69343943
-0.0078367957,0.010767806,0.0028527741,0.33998775,0.14439717,0.69715729
-0.0078347949,0.010755263,0.0032238804,0.36432025,0.14454241,0.68982253
-0.0071972848,0.010599732,0.0032561613,0.34414508,0.15492213,0.61485903
-0.007436743,0.010642999,0.0030568316,0.34304871,0.13758031,0.66414529
-0.0076364358,0.010429013,0.003469856,0.36925176,0.13717613,0.67392189
-0.0079297666,0.010444726,0.0031837848,0.34196279,0.11738053,0.70937991
-0.0079835836,0.01014675,0.0033484888,0.3507519,0.1405404,0.68538644
-0.0075851729,0.01046905,0.0036340622,0.37943251,0.1622681,0.64065026
-0.007247556,0.010779312,0.0030681246,0.33231495,0.14812564,0.67234309
-0.006765609,0.010459415,0.0028525309,0.30836612,0.15854026,0.60595176
-0.006418107,0.010682401,0.0023759817,0.27189806,0.17017132,0.53752186
-0.0061682532,0.010414549,0.0023264397,0.2704098,0.16500407,0.54053773
-0.0061277409,0.010517392,0.0022290525,0.26747657,0.14697557,0.62799743
-0.0069423451,0.010647199,0.0026688247,0.29737107,0.12368906,0.70683471
-0.0069328324,0.010676273,0.0026439802,0.3043357,0.12196798,0.69739377
-0.0074166587,0.01080104,0.0028860053,0.31494113,0.10873994,0.73997844
-0.005240897,0.010836369,0.002987578,0.32122806,0.24645376,0.42377638
-0.0031154278,0.010527087,0.0026081027,0.31330474,0.33554148,-0.0018122885
-0.004457333,0.010282714,0.0023234189,0.27871327,0.21595915,0.28982515
-0.0053142805,0.010215855,0.0021662029,0.26375241,0.18388268,0.44218493
-0.0056225946,0.009905967,0.0020962024,0.2544069,0.18028909,0.47717271
-0.0061901955,0.010140401,0.0023500383,0.28458188,0.17199489,0.51383882
-0.0070932122,0.010146262,0.0022338966,0.26828802,0.1248384,0.65404244
-0.0075182618,0.010391516,0.0029635872,0.33089688,0.1221947,0.68870952
-0.0074572482,0.010920292,0.0033200886,0.36287831,0.1368027,0.66814337
-0.0078154294,0.011044931,0.003409544,0.37832818,0.11691351,0.6898948
-0.0076975226,0.010957471,0.0033368272,0.38096199,0.12716594,0.67309556
-0.0079038518,0.011006379,0.0032584983,0.38431534,0.12303728,0.69699323
-0.0080895723,0.010885437,0.003651595,0.39054016,0.14045531,0.67099092
-0.0081228948,0.011143249,0.0037176324,0.40179207,0.15720911,0.65001382
-0.0077854203,0.010969272,0.003373981,0.38192431,0.14772829,0.64788345
-0.0078444968,0.010669446,0.0033131877,0.37309264,0.13558128,0.66572127
-0.0075622332,0.010712683,0.0033552394,0.36861823,0.14142382,0.67202742
-0.0078503923,0.010956736,0.0034721319,0.37202769,0.12925121,0.6821945
-0.0079258286,0.011123138,0.003481157,0.38115022,0.13872659,0.69368744
-0.0080816145,0.010967236,0.0034646848,0.38186657,0.11323515,0.75121817
-0.0080159387,0.011139309,0.0038540827,0.39760532,0.13042887,0.75490082
-0.0081584305,0.011470398,0.003762311,0.39967759,0.1160277,0.75640602
-0.0081953408,0.011315325,0.0034655881,0.37129433,0.13057747,0.74767294
-0.0082479648,0.011435975,0.0033322868,0.36214821,0.13286249,0.72994912
-0.0080060087,0.011222032,0.0035023856,0.36704974,0.15275958,0.70499213
-0.0080993178,0.011057759,0.0034240904,0.36875646,0.12940337,0.76221797
-0.007930553,0.011403236,0.0032776074,0.34829014,0.10570481,0.78050162
-0.007829548,0.011170273,0.0028071572,0.30386678,0.12223118,0.76323802
-0.0074409747,0.011451757,0.0026841811,0.29210002,0.14056671,0.74951461
-0.0069038585,0.011295259,0.0025532141,0.27737163,0.15015019,0.67192106
-0.0065337409,0.010463577,0.0022342423,0.2493456,0.14418112,0.6353912
-0.0058341729,0.010271729,0.0018300743,0.23185111,0.15732321,0.61177603
-0.0060811916,0.010600777,0.001848968,0.2394825,0.13796117,0.62611485
-0.006191744,0.010555273,0.0014449204,0.22693348,0.1405681,0.63024787
-0.006429023,0.010294732,0.0014715118,0.2289798,0.14750208,0.63986899
-0.0071037563,0.0099531434,0.0018910202,0.25259864,0.12284644,0.73656149
