0,0,0,0,0,0
-0.00039756063,6.1311895e-05,-3.3228837e-05,0.0077694951,-0.013816558,0.027552672
-0.00031192658,-0.00029650433,-9.3595959e-05,0.0099314606,-0.0015323925,-0.0065182899
-0.00056782677,-0.00036561508,-4.0109789e-05,0.008926722,0.018681804,-0.026040381
-0.00053237789,-0.00019350189,-6.0943522e-05,0.011282671,0.083630898,-0.075752962
-0.00039119296,-0.00064391917,-0.00016590512,0.011164446,0.093297874,-0.087659468
-0.00047164487,-0.00079279682,-0.00030690291,0.0076537122,0.073612552,-0.089842529
-0.00046020864,-0.0010289869,-0.00052853531,0.0050437789,0.078531973,-0.092587164
-0.00058814501,-0.0013750043,-0.00074487435,0.0018672032,0.068446476,-0.095641219
-0.00047719321,-0.0013173846,-0.00074652653,-0.0026277239,0.064487728,-0.08390694
-0.00089828394,-0.0012168936,-0.00070579926,-0.0018747184,0.025891556,-0.038577495
-0.00062277855,-0.0012261404,-0.00071110733,0.0012229215,0.010944138,-0.058671837
-0.00082464778,-0.0011315187,-0.00081274623,0.0030091774,0.0071490895,-0.058580144
-0.00077853416,-0.0010978294,-0.00072472029,-0.00035557008,0.035439328,-0.064962959
-0.00093297755,-0.0011277145,-0.00075117625,-0.0038903789,0.057592087,-0.084599925
-0.0006497372,-0.00096910242,-0.00062775384,-0.0049697995,0.076350005,-0.064095481
-0.00087386705,-0.00086132051,-0.00076331104,-0.0022506561,0.05170146,-0.032006291
-0.00064884065,-0.00073434287,-0.00072736414,-0.0025469563,0.041215903,-0.025405527
-0.00090072484,-0.00094295858,-0.00088912611,-0.012078572,0.021440826,-0.027532553
-0.00060514167,-0.0013585412,-0.0011125867,-0.01857751,0.0068505194,-0.025665459
-0.00065707125,-0.0010316343,-0.0012187061,-0.018921195,-0.013452819,-0.026127945
-0.00089481654,-0.0011258496,-0.0013106899,-0.019814687,-0.0094962993,-0.023763935
-0.00053395311,-0.0010507169,-0.001261812,-0.021281957,0.024936625,-0.041562817
-0.00048509886,-0.0011567496,-0.0011377613,-0.024853118,0.050064742,-0.028799986
-0.00062756766,-0.0011441538,-0.0012210172,-0.029850392,0.054803624,0.0077014891
-0.00076531551,-0.0012212192,-0.0014750511,-0.030269505,0.029970263,0.0030980971
-0.00061661209,-0.0012521722,-0.0016847585,-0.031396983,0.018245566,0.0013086695
-0.00051301554,-0.0011325404,-0.0015054,-0.024365045,0.036181822,-0.015120669
-0.0003881941,-0.001207551,-0.0013811855,-0.024019654,0.032880315,-0.032870695
-0.00037895893,-0.0012007402,-0.0013185866,-0.031156912,0.021725282,-0.0085875369
-0.00041485561,-0.0010739769,-0.0015136742,-0.041397067,-0.0059779299,0.0012463268
-0.00042010963,-0.0010864553,-0.001633168,-0.042504987,0.028082562,0.0021220679
-0.00017146136,-0.0010736003,-0.0017082529,-0.038387578,0.051644434,-0.019357862
-3.5971796e-06,-0.0010949651,-0.0017335201,-0.046742514,0.052314078,-0.022893003
-0.00023621552,-0.0012169932,-0.0017246623,-0.035965842,0.046539811,-0.017572955
-0.00024348316,-0.00097357612,-0.0016269166,-0.038270402,0.057759637,-0.037353281
-0.00031453234,-0.00097340969,-0.001671394,-0.037810274,0.075776726,-0.0065470007
-0.00048241265,-0.0010550905,-0.0017784846,-0.039541862,0.050496829,0.019330275
-0.00045288483,-0.00087641511,-0.0016020328,-0.042713966,0.052245866,0.015462079
0.00019745997,-0.00085389458,-0.0022142328,-0.063934795,0.055910902,-0.074983355
0.00030991065,-0.0010437803,-0.0021928978,-0.056944324,0.036585505,-0.036464595
0.00085560422,-0.0010090387,-0.0021855274,-0.053151751,0.068124026,-0.059122224
0.00096976656,-0.00088805945,-0.002117441,-0.060911464,0.084432922,-0.052149297
0.00086059711,-0.0009162167,-0.0021849032,-0.05308993,0.067615508,-0.034656816
0.00066848759,-0.00057370782,-0.0022272129,-0.049615198,0.066111394,-0.019227499
0.00065949233,-0.0006029591,-0.0022198316,-0.059623703,0.051410247,-0.010874768
0.00073682613,-0.00155638,-0.0024831164,-0.065393342,0.037394499,-0.043732459
0.00059156708,-0.0010438001,-0.0024920715,-0.067206652,0.051874807,-0.050630921
0.00048074534,-0.0009371177,-0.0024582671,-0.069366815,0.052965486,-0.069639654
-9.2538783e-05,-0.00082896117,-0.0025079699,-0.069134038,0.032606462,-0.050556963
0.00057352858,-0.00059109834,-0.0025215631,-0.069877074,0.060547559,-0.0388728
0.00055914857,-0.00067767253,-0.0022767491,-0.063235796,0.07609778,-0.026286632
0.0006074653,-0.00083284417,-0.0022684373,-0.059515621,0.064755979,-0.010099741
0.00090619442,-0.00088003239,-0.0024046534,-0.062478776,0.062041135,0.0065126179
0.00090976341,-0.0010490191,-0.0024123145,-0.067214996,0.051624653,0.0077842575
0.00094340208,-0.0011823146,-0.0024744743,-0.067446182,0.062107776,0.0027056883
0.00056501462,-0.0011199551,-0.0025539116,-0.074981368,0.056454066,-0.0070351728
0.00073254058,-0.0010804566,-0.0023996634,-0.083220811,0.052853897,0.0085386671
0.00078426013,-0.0010614691,-0.0023170508,-0.084002703,0.054659434,-0.0046029953
0.00078594332,-0.00092831615,-0.0024016172,-0.077610613,0.057316516,0.012865853
0.0008183526,-0.00053920952,-0.0023952298,-0.069548944,0.080483165,0.016115719
0.00077066692,-0.00061136621,-0.0024511045,-0.057892483,0.072149528,0.026065265
0.0012431294,-0.00064159118,-0.0023702824,-0.056784663,0.075517278,0.017921414
0.0013277195,-0.00067268096,-0.0026146569,-0.058887967,0.07001885,0.0082982085
0.0015269385,-0.00070634231,-0.0025881663,-0.07311603,0.084174866,0.018247852
0.001628684,-0.00066342306,-0.0026597773,-0.079643887,0.08225858,0.048583381
0.00091201702,-0.0010625638,-0.0027739369,-0.067139587,0.048682649,0.078188037
0.0018913781,-0.00080899036,-0.0026428357,-0.070519638,0.082301853,0.036074397
0.0010545271,-0.00098990785,-0.0027223362,-0.065909897,0.052076069,0.043111982
0.001852038,-0.0008860068,-0.0026895758,-0.076444867,0.09200154,0.022951787
0.00095094469,-0.0012371233,-0.0029512795,-0.066319136,0.068286004,0.04961312
0.0022336819,-0.0010231364,-0.0027749023,-0.07634571,0.1196902,0.01049404
0.0011875994,-0.0011456812,-0.00288814,-0.062734691,0.075333011,0.072166994
0.0020453656,-0.00096002702,-0.0025902967,-0.061642019,0.10803631,0.052742219
0.0015469723,-0.00099928682,-0.0026791171,-0.055040619,0.07836597,0.079148012
0.0019941031,-0.001110611,-0.0026700885,-0.062503858,0.10582522,0.041177582
0.0015419635,-0.0010913296,-0.0027655183,-0.066689287,0.08325542,0.05881852
0.0016176843,-0.00098786119,-0.0028064528,-0.070822068,0.08550139,0.057121523
0.0013338719,-0.00093734301,-0.0028380879,-0.06401645,0.07316179,0.093278735
0.0017016036,-0.0012248773,-0.0028515054,-0.066812628,0.10249226,0.044432148
0.0014794123,-0.0016684792,-0.0028493815,-0.064595356,0.11434151,0.041595683
0.0019869308,-0.0019418193,-0.0029090848,-0.072712084,0.14068423,0.030451431
0.0015929627,-0.0019905456,-0.0030403608,-0.079336126,0.12771431,0.056033417
0.001775864,-0.0021376046,-0.0030836641,-0.081300887,0.12754089,0.04541922
0.0011990859,-0.0024897408,-0.0032590783,-0.078488636,0.098027606,0.06932309
0.0018439158,-0.0023628941,-0.0030107868,-0.090345704,0.13652335,0.029987297
0.0014267522,-0.0022384494,-0.003111577,-0.093006066,0.094735927,0.070517241
0.0019313706,-0.0023158543,-0.0030905874,-0.083161882,0.094657629,0.071154189
0.0016779383,-0.0022860148,-0.0032526297,-0.083857854,0.089822549,0.074903485
0.0017464799,-0.0021869794,-0.0032710568,-0.082184964,0.10340899,0.070966567
0.0016535781,-0.0021109923,-0.0034702331,-0.08556494,0.11438818,0.057434661
0.0018723859,-0.0022266912,-0.0033725248,-0.086131966,0.12087699,0.034515335
0.0019738302,-0.0020620799,-0.0033056473,-0.092157085,0.1303293,0.063492875
0.0018911248,-0.0023747747,-0.0032856315,-0.09534314,0.11669659,0.081852447
0.0021851657,-0.0022563719,-0.0033321024,-0.09167701,0.12035756,0.076937498
0.0023893691,-0.0024742559,-0.003397478,-0.097553909,0.093753986,0.071620097
0.0017509983,-0.0039368317,-0.0043894096,-0.12151657,-0.012242835,0.098797509
0.0033986779,-0.0044115387,-0.0043716477,-0.14302659,0.085523216,0.044450444
0.0036018054,-0.003822335,-0.0042714764,-0.13487742,0.12955819,0.088977981
0.0039345036,-0.0037431511,-0.0041217294,-0.13700547,0.14530551,0.10010521
0.0040960867,-0.0035140228,-0.0042283093,-0.1294913,0.12102827,0.15986779
0.0040859682,-0.0036930494,-0.004312871,-0.12137074,0.10596637,0.17447661
0.0041754236,-0.0035565642,-0.004370148,-0.12569626,0.1007591,0.18258772
0.0036728821,-0.0038653516,-0.0044679167,-0.12567254,0.089346043,0.17397573
0.0041440015,-0.0033435876,-0.0042962874,-0.13031914,0.10928067,0.16099935
0.0031017945,-0.0038502724,-0.0044681143,-0.11377683,0.062022821,0.19220651
0.0042515585,-0.0035370081,-0.0044190124,-0.13643381,0.081072204,0.18364518
0.0033787819,-0.0039508695,-0.0046568353,-0.13094221,0.069086309,0.20460472
0.0042649418,-0.00371073,-0.0043377716,-0.15517692,0.12220979,0.16613614
0.0036729265,-0.0039792847,-0.0045048554,-0.13702158,0.10172175,0.16609507
0.0043939412,-0.0037907406,-0.0044890697,-0.14747222,0.11881395,0.13648419
0.0038334588,-0.00378539,-0.0046821532,-0.14649633,0.10041969,0.14298622
0.0043606945,-0.0040718235,-0.0047264846,-0.16834523,0.1459077,0.11174371
0.0039743622,-0.0045809098,-0.0049089747,-0.17170478,0.12587494,0.1359929
0.0049960901,-0.0041525961,-0.0047541844,-0.17803074,0.14175338,0.10999043
0.0038500883,-0.0046206197,-0.0050285016,-0.15936505,0.085572739,0.14509603
0.0058222874,-0.0043954625,-0.00522074,-0.18717669,0.12358557,0.11094545
0.0051192868,-0.0043177692,-0.0054725744,-0.177207,0.10759242,0.12073795
0.0061999442,-0.0042538322,-0.0052883748,-0.18503096,0.16302194,0.087387228
0.0053714001,-0.0043228196,-0.0053988312,-0.18922372,0.14826706,0.11596182
0.0062010831,-0.0042316499,-0.0054183093,-0.20488145,0.17823846,0.12764071
0.0047740931,-0.0046310196,-0.0057358297,-0.19382068,0.10239345,0.16194558
0.0058616368,-0.0047361884,-0.0055952779,-0.20873898,0.16524326,0.11139599
0.0047419103,-0.0046579515,-0.0057168403,-0.19872041,0.12464109,0.1466911
0.00508586,-0.0048545505,-0.0058017183,-0.20567041,0.11989043,0.10611576
0.0056225685,-0.00474842,-0.0059585722,-0.22774748,0.11488512,0.14523671
0.0054985142,-0.0049155405,-0.0060357058,-0.24406738,0.13118473,0.15234261
0.0051445348,-0.0048143721,-0.0060754179,-0.23164768,0.14820863,0.12332205
0.0057470806,-0.0050820475,-0.0062023573,-0.22945991,0.15214709,0.11265887
0.0056195083,-0.0051343887,-0.0063430921,-0.22444395,0.14258112,0.13634321
0.0057292793,-0.0052339458,-0.0063449689,-0.22389335,0.1524041,0.13609255
0.0058513981,-0.0052763497,-0.006550242,-0.22450884,0.15170745,0.14274512
0.0064330184,-0.0051122174,-0.0065919781,-0.23445979,0.16888964,0.12012357
0.0060046809,-0.0051219306,-0.0067194483,-0.22852729,0.1480843,0.12651115
0.0064681774,-0.0048514951,-0.0064892971,-0.23471919,0.15340984,0.11259951
0.0056306003,-0.0051303779,-0.0066775791,-0.22215785,0.11185493,0.15289699
0.0063796862,-0.0049755868,-0.0065755146,-0.23613681,0.1496488,0.11920972
0.0056973041,-0.0051055412,-0.0068050142,-0.22709958,0.13074426,0.14462794
0.006289542,-0.0052799549,-0.0066924261,-0.23496237,0.15931826,0.12313887
0.0059262596,-0.0054953989,-0.0068029805,-0.22120053,0.14357372,0.14170591
0.006326565,-0.0054236073,-0.0067045189,-0.23189489,0.16372335,0.12518537
0.0059371208,-0.0055006594,-0.0069526206,-0.23647758,0.14954817,0.14878751
0.0063117313,-0.0059809399,-0.007051549,-0.243694,0.16700473,0.11524938
0.0062964232,-0.0057901027,-0.0070271402,-0.24660947,0.16182066,0.10840143
0.006401394,-0.0061922691,-0.0070776947,-0.25242274,0.14984543,0.10617678
0.0064601337,-0.0057592055,-0.0070610722,-0.25969866,0.15391213,0.14091587
0.0061674399,-0.0059214853,-0.0070990304,-0.24144511,0.15374833,0.13293517
0.0064923776,-0.0057363088,-0.0071563949,-0.24324716,0.16866941,0.11732628
0.006258996,-0.0059059022,-0.0073142838,-0.25288653,0.16612019,0.11468631
0.0064560741,-0.0058067741,-0.0072509203,-0.25350436,0.17440985,0.12131524
0.0062335082,-0.0058484075,-0.0072636466,-0.25055649,0.16063853,0.13981649
0.0066273737,-0.0057078056,-0.0073763037,-0.25685581,0.15037968,0.14338867
0.0063594333,-0.0056964948,-0.0074081461,-0.26726971,0.14454348,0.1583598
0.0062367619,-0.0057084412,-0.0073197706,-0.26032061,0.13245621,0.16961081
0.0064435319,-0.0059890868,-0.0073836814,-0.25502473,0.12768498,0.16989841
0.006920282,-0.0061138964,-0.0075549789,-0.26968259,0.1401133,0.15597319
0.0065157519,-0.0061455547,-0.0075920169,-0.27193619,0.14575169,0.15541003
0.0066925236,-0.0062333442,-0.0076701588,-0.27822263,0.14035933,0.15421663
0.0063916223,-0.0061728792,-0.0076820398,-0.28810735,0.14402192,0.1610817
0.007580969,-0.0070641853,-0.0079948069,-0.29227285,0.1188315,0.13339792
0.011240707,-0.0090411657,-0.0084086958,-0.29499447,0.039537646,-0.0056518508
0.011306097,-0.0084743629,-0.008599419,-0.30711153,0.15538629,-0.036362655
0.011309092,-0.0091324148,-0.0088461976,-0.31819023,0.20778624,-0.045428737
0.011436851,-0.0089122975,-0.0087145187,-0.33203655,0.23080289,-0.029260966
0.011684387,-0.0089752805,-0.0087758715,-0.3329969,0.22792006,0.025868335
0.010771633,-0.0084089625,-0.0088808753,-0.31265128,0.19005831,0.092844555
0.01034775,-0.0083163398,-0.0090713282,-0.31131026,0.16798269,0.11140076
0.010078948,-0.0081209568,-0.0090160876,-0.31235149,0.18696956,0.12904037
0.0089664287,-0.0080088243,-0.0089664254,-0.29342345,0.1559984,0.14546947
0.0095452697,-0.0078043665,-0.0088915071,-0.29893066,0.16528635,0.15621562
0.0087118321,-0.0077669449,-0.0090152451,-0.28351052,0.14009775,0.15814017
0.0094211564,-0.0076395988,-0.0089719883,-0.3089118,0.17113269,0.14392157
0.0084223247,-0.0078284192,-0.008922957,-0.28999237,0.13447837,0.14748717
0.0090741892,-0.0077796727,-0.0088256912,-0.29450698,0.16409535,0.1127298
0.0089884373,-0.0079409384,-0.0089027659,-0.28905616,0.16630727,0.12751264
0.0088804057,-0.0079581899,-0.008947211,-0.2837323,0.17145442,0.10713212
0.0093640845,-0.0080079191,-0.0089671347,-0.28042387,0.19058455,0.11811794
0.0087205504,-0.0078748458,-0.0088425845,-0.27601238,0.17963898,0.10239975
0.00940726,-0.0077688171,-0.0086417752,-0.2799882,0.20929387,0.075964573
0.0082734188,-0.0079135291,-0.0088050157,-0.27905324,0.19002267,0.073126796
0.0093311725,-0.007832856,-0.0087686581,-0.29228753,0.22962191,0.07730682
0.0085125009,-0.0078271348,-0.0086820254,-0.28267697,0.19546098,0.10655405
0.0087919941,-0.0077598201,-0.0087478253,-0.28247741,0.18567095,0.10341622
0.0083964423,-0.0077436911,-0.0088434284,-0.28150065,0.17147714,0.11180232
0.0084561792,-0.0077166202,-0.0088585071,-0.2776524,0.18477185,0.1085695
0.0081532015,-0.0076576561,-0.0088764399,-0.2782554,0.18735853,0.10145585
0.0084485117,-0.0078229119,-0.0090393723,-0.28608189,0.17865259,0.080462989
0.0083595835,-0.0077047,-0.0090727882,-0.29553331,0.19038577,0.077525607
0.0082929173,-0.0077593428,-0.0090509135,-0.29900008,0.18358851,0.091238317
0.0079314737,-0.0073180693,-0.0088169898,-0.30023473,0.18871791,0.057466028
0.0075414477,-0.0065336231,-0.0087572425,-0.29517036,0.20406706,0.064302295
0.0077507202,-0.0066528978,-0.0086241812,-0.2995591,0.22504952,0.050273166
0.007712942,-0.0067182766,-0.0087118617,-0.30338058,0.22224741,0.05465579
0.0080776141,-0.0068652654,-0.0088216161,-0.29993719,0.19683232,0.079250884
0.0081503364,-0.0067065881,-0.0088391254,-0.2996495,0.19080748,0.098928949
0.0079304928,-0.0065688676,-0.0088788437,-0.28678029,0.18237182,0.093641252
0.0086140974,-0.0065655652,-0.0089693788,-0.29041043,0.20165881,0.074780586
0.0083348327,-0.0066988685,-0.0089407764,-0.28446902,0.19604701,0.078985863
0.0084701422,-0.0066708338,-0.0089979258,-0.29211486,0.19607697,0.093331658
0.0081377111,-0.0066712994,-0.0089388917,-0.29067247,0.18077489,0.10436222
0.0085869456,-0.0066390362,-0.0088879699,-0.29885403,0.19771272,0.094658061
0.0081154708,-0.006727701,-0.0088721376,-0.29586825,0.18453835,0.094724306
0.0083516935,-0.0066636647,-0.0089748813,-0.29986367,0.17099771,0.097115299
0.0081447729,-0.0065226157,-0.0089581393,-0.30083754,0.17078121,0.11386458
0.0082159253,-0.0065404472,-0.0089746644,-0.30908487,0.18044884,0.095193322
0.0081830619,-0.0065528316,-0.009018886,-0.29986456,0.17921604,0.094139135
0.0084955692,-0.0066475466,-0.0089652756,-0.29354285,0.19338531,0.074399727
0.0083998071,-0.0066658657,-0.0089149162,-0.2904001,0.18768362,0.087161023
0.0085173778,-0.006644615,-0.0090004582,-0.29869903,0.18829003,0.082897276
0.0080176757,-0.0068289125,-0.0089747076,-0.30636048,0.20443116,0.042939746
0.0082734438,-0.0067184849,-0.0089260051,-0.30637691,0.21346879,0.063679845
0.0079333181,-0.0065863969,-0.0088665935,-0.30449342,0.18862319,0.093625031
0.0081713598,-0.0065561843,-0.0089037018,-0.31875927,0.18616543,0.078613062
0.0082822921,-0.0064129237,-0.0087898367,-0.32001362,0.18771285,0.067754586
0.008485749,-0.0064884616,-0.0088518615,-0.31930777,0.19322071,0.039064303
0.0086332103,-0.0064529888,-0.0089638226,-0.31954405,0.19438007,0.050857223
0.0086799001,-0.0065139979,-0.0091242371,-0.32438072,0.20154385,0.055108396
0.0087267784,-0.0063755703,-0.0090141303,-0.31772223,0.19805668,0.064053383
0.0086665322,-0.0065308526,-0.0092198622,-0.33083061,0.19695894,0.03934394
0.0089728794,-0.006689683,-0.0092145589,-0.33384392,0.21712957,0.040773898
0.0087511586,-0.0067241969,-0.0092285511,-0.33635063,0.2105374,0.050775963
0.0087998022,-0.0066173935,-0.009086594,-0.33009984,0.18642188,0.069252923
0.0086689275,-0.0064329068,-0.0091177642,-0.32091521,0.15344042,0.086965064
0.0091173202,-0.0065507287,-0.0091918849,-0.32636974,0.16793322,0.094146332
0.0086777544,-0.0065222622,-0.009176688,-0.33378821,0.17362658,0.098788298
0.0088897068,-0.0063102741,-0.0090391539,-0.33614123,0.18086785,0.097831993
0.0086789684,-0.0065752224,-0.0092923696,-0.33745721,0.18348286,0.10592395
0.0087139919,-0.0065501467,-0.0092699978,-0.3351803,0.18853938,0.081838892
0.0085490339,-0.0066959225,-0.0093920443,-0.34020126,0.17771445,0.086629505
0.0085143456,-0.0067093923,-0.0092879614,-0.34922926,0.20394734,0.04938237
0.0080260908,-0.0070581027,-0.008881426,-0.33603427,0.20198855,0.030947999
0.008425255,-0.0068014828,-0.0090071169,-0.34938613,0.18430825,0.021820917
0.0083039639,-0.0067364653,-0.0091194788,-0.34855727,0.17190283,0.03368019
0.0086365309,-0.006587436,-0.0091680976,-0.34613333,0.18176356,0.061449554
0.0085081377,-0.0066102674,-0.0090229451,-0.33925496,0.173055,0.06585393
0.0090631114,-0.006757386,-0.0091207085,-0.34974233,0.1836539,0.036980355
0.0086415221,-0.0070043434,-0.0091847419,-0.34868466,0.17924228,0.034871972
0.008671478,-0.0069504412,-0.0092965972,-0.35794273,0.19231645,0.030703364
0.0085279961,-0.0070934418,-0.0093145305,-0.34958255,0.19723966,0.012012031
0.0089841864,-0.0070619173,-0.0094094379,-0.35366058,0.20799039,-0.0079092005
0.0088106656,-0.0069342366,-0.0091869481,-0.3515449,0.19305527,0.013011619
0.0090354269,-0.0069335127,-0.0091530178,-0.35212949,0.18234684,0.013435143
0.0092426222,-0.0070740772,-0.0091390752,-0.33914436,0.18726083,0.0068133214
0.0093229998,-0.007154633,-0.0092282209,-0.3427253,0.1775153,0.018663825
0.0095425291,-0.0071121446,-0.0092858798,-0.35171111,0.16710712,0.05833716
0.0091583375,-0.0071497531,-0.0093943111,-0.35954027,0.16296766,0.068650697
0.0094203663,-0.0073578143,-0.0093444242,-0.36655554,0.18952059,0.047125806
0.0093557534,-0.0073258863,-0.0092682861,-0.3625673,0.19878885,0.045941032
0.0095738233,-0.007272577,-0.0092233668,-0.36103461,0.21051189,0.042409848
0.0092416327,-0.0073280924,-0.0091987926,-0.35508928,0.18132997,0.06132987
0.0094771476,-0.0074834819,-0.0093977138,-0.35683674,0.16995274,0.046478137
0.0092927849,-0.0074010425,-0.0094217399,-0.35408424,0.162481,0.030003559
0.0095257768,-0.0074902889,-0.009492748,-0.36270285,0.1841173,0.024843604
0.0092529869,-0.0076139839,-0.0094216129,-0.36170585,0.18575482,0.041953607
0.01010484,-0.007693198,-0.0094307442,-0.38016073,0.22076751,-0.0011768808
0.009385553,-0.0074911019,-0.0094263162,-0.37941349,0.20244508,0.02879384
0.0097861947,-0.0075015194,-0.0095642506,-0.38909049,0.21505578,0.015431059
0.0093801778,-0.0072449933,-0.0095350363,-0.37494448,0.1863136,0.02945496
0.0094864379,-0.0070709334,-0.0094027964,-0.37743964,0.19407714,0.00099605808
0.0083969155,-0.007673944,-0.0091996027,-0.36958486,0.17922393,-0.0091807463
0.0090182848,-0.0074328277,-0.0093017247,-0.38745172,0.18711378,-0.043263242
0.0089458213,-0.0071553701,-0.0094352298,-0.37732706,0.17488731,-0.008734295
0.0097300309,-0.0071568516,-0.0093457992,-0.37719896,0.19762011,-0.014575977
0.0092392768,-0.0072242749,-0.0092468971,-0.35531219,0.18926241,0.033348744
0.0098872454,-0.0073214163,-0.0095064089,-0.36781293,0.21118263,0.0071064056
0.009128108,-0.0070484602,-0.0094223937,-0.37126809,0.19736384,0.032535123
0.0090826851,-0.0072830474,-0.0094424945,-0.38329594,0.20460156,0.0057745395
0.0092285442,-0.0072902171,-0.0095700882,-0.3789683,0.20223668,-0.0054546202
0.0089072776,-0.0074073462,-0.009486826,-0.38883501,0.1865167,0.0049088272
0.0093384917,-0.007752404,-0.009480053,-0.38760496,0.15408048,0.019572521
0.009588647,-0.0075579281,-0.0096089125,-0.39527451,0.1636586,0.0053741721
0.0097303512,-0.007838059,-0.0096002823,-0.39022444,0.16230099,0.024791199
0.0095881866,-0.0077632702,-0.0095082115,-0.39320063,0.16981508,0.02066351
0.009577821,-0.0076617828,-0.0094665545,-0.39077094,0.16180714,0.032280515
0.0099406638,-0.0078799535,-0.0096720981,-0.4006677,0.17987365,-0.022211094
0.0092763649,-0.0078107995,-0.0097588717,-0.40492706,0.18010698,-0.010352754
0.0094977943,-0.0078314785,-0.0096429213,-0.41671058,0.20935434,-0.00021438255
0.009667622,-0.0077950633,-0.0095152312,-0.41019682,0.21682071,0.012362542
0.0090891034,-0.0075718385,-0.009493907,-0.40606725,0.19331293,0.020536962
0.0093587392,-0.0077352979,-0.0095380973,-0.41190759,0.18397973,0.0093422432
0.0083113174,-0.0077844584,-0.0094919875,-0.40190994,0.17747303,-0.0014387562
0.0095744388,-0.0078912192,-0.0095678615,-0.41511672,0.19118898,0.0084043297
0.0094281034,-0.0077505519,-0.0096853693,-0.41274944,0.16491809,0.026205316
0.0096917706,-0.0075092447,-0.00977208,-0.41667784,0.16709666,0.011795467
0.0095374303,-0.007553609,-0.0097371081,-0.41699839,0.17840948,0.0089971253
0.0093672947,-0.0076746817,-0.0096562404,-0.41679367,0.19465107,-0.010889317
0.0093574255,-0.0079515442,-0.0096420985,-0.41813786,0.19379618,-0.022408643
0.0094852836,-0.0078499353,-0.0096922704,-0.42345973,0.1835362,-0.014230657
0.0093269686,-0.0078793057,-0.0096041974,-0.4153136,0.160344,-0.0076527594
0.0095390531,-0.0078519378,-0.0097220962,-0.42385523,0.16742975,-0.014013176
0.009411247,-0.0080388191,-0.0096209262,-0.42055056,0.16313467,-0.013746618
0.0095247081,-0.0080168115,-0.0097670903,-0.4356481,0.17873106,-0.02444793
0.0097465052,-0.008078897,-0.0096933966,-0.43510515,0.19824263,-0.023288492
0.0098939929,-0.0081124071,-0.0096282,-0.4331082,0.20764341,-0.030679518
0.0095575015,-0.0079977689,-0.0096165351,-0.42842694,0.19633933,0.00015219612
0.0095839396,-0.0080204021,-0.0098318708,-0.42833201,0.19034151,-0.0073268147
0.0094956435,-0.0080168116,-0.0097619529,-0.42842968,0.19152215,-0.051547428
0.0097028266,-0.0081182139,-0.0098179658,-0.43436347,0.1914474,-0.064779841
0.0097059439,-0.0081328257,-0.009923889,-0.45330998,0.18582878,-0.077908088
0.0098305461,-0.008293372,-0.0099054915,-0.44964878,0.19550079,-0.088295716
0.0097753133,-0.0083113893,-0.0099365422,-0.44813555,0.1885243,-0.076825717
0.0099893273,-0.0082870577,-0.0099453476,-0.44619198,0.18994363,-0.062729159
0.010181433,-0.0084805293,-0.0099636454,-0.45194044,0.19417342,-0.054355325
0.009994936,-0.0084842694,-0.0098429108,-0.44732367,0.19670494,-0.061222576
0.010192464,-0.0085520792,-0.0099114714,-0.45300331,0.21288324,-0.09547757
0.0099546785,-0.0083322161,-0.0098611906,-0.45755528,0.21027455,-0.092664822
0.0093949274,-0.0084314735,-0.0097391958,-0.46485551,0.21233091,-0.088521345
0.0095208474,-0.0084812949,-0.0097778444,-0.4610368,0.18985747,-0.059491601
0.0098363994,-0.0084528873,-0.0097916765,-0.45691637,0.18509579,-0.059919935
0.009981352,-0.0084647536,-0.0099608478,-0.45254577,0.19877082,-0.071263009
0.010071037,-0.0087049033,-0.0099191947,-0.45469553,0.22715503,-0.089162791
0.010029945,-0.0087702531,-0.0098849308,-0.45425852,0.23046637,-0.11351488
0.010191575,-0.0088080321,-0.0099831165,-0.45450944,0.22363125,-0.096252229
0.0097065033,-0.0087196415,-0.010071621,-0.45410943,0.19992746,-0.069679076
0.010501988,-0.0088083153,-0.010053523,-0.45724027,0.22251687,-0.0811021
0.0098848901,-0.0089609371,-0.010130729,-0.45221817,0.19908571,-0.077233627
0.010197995,-0.0088125925,-0.010204808,-0.45947047,0.19697451,-0.12046796
0.010183856,-0.0087898343,-0.01030632,-0.46237977,0.19745387,-0.1252655
0.010487408,-0.0089020374,-0.010344218,-0.48638384,0.22129762,-0.15255619
0.010558662,-0.0089499467,-0.010468593,-0.49653691,0.21303225,-0.13631867
0.010624966,-0.0090751233,-0.010615678,-0.51259897,0.22167337,-0.1407521
0.010320462,-0.0089873837,-0.010762621,-0.51921797,0.20824031,-0.1071033
0.010513761,-0.0092576493,-0.010845661,-0.52221836,0.22040054,-0.1471027
0.010307974,-0.0089799846,-0.010888171,-0.51603835,0.21061841,-0.14496735
0.01074846,-0.0090478564,-0.010839989,-0.5221386,0.21527665,-0.16623165
0.010332042,-0.009091379,-0.01085355,-0.51626814,0.16995699,-0.12760068
0.011062673,-0.009175053,-0.010979958,-0.52028583,0.16740048,-0.15359009
0.010451299,-0.0089566631,-0.011131086,-0.51694649,0.15902398,-0.13563227
0.010984138,-0.0089755487,-0.011160903,-0.53577646,0.1986556,-0.17734192
0.010811548,-0.0090286979,-0.011142777,-0.5354117,0.19844869,-0.16793083
0.01120468,-0.0093157796,-0.011088174,-0.53580921,0.22267196,-0.20288048
0.010941442,-0.009335003,-0.011264414,-0.53792542,0.19870668,-0.18958154
0.011183308,-0.0095760828,-0.01128086,-0.5493753,0.22275212,-0.20924896
0.010265689,-0.0094401783,-0.011277986,-0.53576366,0.18196739,-0.15725851
0.010590571,-0.0096240991,-0.011232771,-0.5297756,0.18505542,-0.19423553
0.011353411,-0.0094488672,-0.011301013,-0.53582414,0.18166996,-0.18091309
0.011024904,-0.0093370068,-0.011341098,-0.55124755,0.21478157,-0.19987759
0.011528581,-0.009353037,-0.011423363,-0.55951698,0.20083721,-0.17555554
0.0111389,-0.0093914613,-0.011451143,-0.5547612,0.21311251,-0.18556704
0.011767785,-0.0092354073,-0.011607987,-0.55637612,0.22017999,-0.17580235
0.011331136,-0.0091890073,-0.01160275,-0.55529274,0.2232968,-0.19100041
0.011762516,-0.009188151,-0.011484487,-0.55812753,0.22464745,-0.19267325
0.010705313,-0.0092904469,-0.011338506,-0.54128946,0.2061136,-0.19264683
0.011988658,-0.0093593248,-0.011352593,-0.55649721,0.22406951,-0.19876308
0.010460444,-0.0092251744,-0.011332907,-0.54097766,0.18865235,-0.16822689
0.011647097,-0.0093673016,-0.011470206,-0.55613723,0.20048838,-0.19291868
0.01057843,-0.0093796069,-0.011516344,-0.54426738,0.17609093,-0.1750496
0.011903639,-0.0095356191,-0.011491513,-0.56053921,0.23254566,-0.21323445
0.010479772,-0.009486327,-0.011401255,-0.54349591,0.23047569,-0.19872424
0.01178648,-0.0096074252,-0.011463522,-0.56258473,0.25865066,-0.21199613
0.010235035,-0.0097531751,-0.011293261,-0.52723713,0.26252149,-0.20393689
0.010792763,-0.010468365,-0.01107734,-0.50191949,0.27809041,-0.21560984
0.0080164514,-0.0084360513,-0.010289866,-0.46940578,0.27394162,-0.25514295
0.0073567749,-0.0085118562,-0.010068922,-0.4683979,0.33269245,-0.32910795
0.0072098518,-0.0091385974,-0.010089327,-0.46107949,0.28960621,-0.27322606
0.0076760061,-0.0092542174,-0.010012798,-0.47088395,0.32129417,-0.31908435
0.0072973613,-0.0090102152,-0.010176042,-0.45800517,0.28562718,-0.27596526
0.0081059223,-0.0090420758,-0.010045598,-0.45797217,0.3061504,-0.29115502
0,0,0,0,0,0
-5.5231172e-05,-0.00023110238,-0.00014600777,-0.0094301314,-0.013823366,0.036007359
3.9749735e-05,-0.00021182687,-5.3436131e-05,-0.0043497993,0.0024810015,0.0070253681
0.00035376179,-0.00038212972,-0.00019586798,-0.01172451,0.021736624,-0.0021327093
0.00047024684,-0.00055129019,-0.00013653753,-0.0076005634,0.034820696,-0.031494353
0.00064181552,-0.00044970492,-3.9675282e-05,-0.0056865729,0.025303996,-0.013698807
0.00052580284,-0.0003469294,-0.00012535637,-0.0011029147,0.012108073,-0.011200645
0.00084706844,-0.00070615608,-0.00017114714,-0.01803997,0.01481595,-0.021623242
0.0005176277,-0.00065132659,-0.00022918188,-0.027030814,-0.014588799,-0.041889296
0.0011140646,-0.00062750098,-0.0001793459,-0.038704433,0.03529591,-0.080887548
0.00034423547,-0.00034237572,-0.00024871561,-0.029653599,0.023942919,-0.02503345
0.0010112189,-0.00034788944,-0.00031479788,-0.038550129,0.033929502,-0.033844789
0.00071229136,-0.00025995293,-0.00025323521,-0.026186598,0.027170719,-0.026872205
0.0010196288,-0.00023301096,-0.00036002716,-0.030873329,0.04129585,-0.058476078
0.0005417053,-0.00041914862,-0.00039446909,-0.032062845,0.045393236,-0.063800708
0.0011388067,-0.00033199365,-0.00033922152,-0.035620549,0.06550346,-0.079295685
0.0010109525,-0.00074138675,-0.00042360475,-0.04657501,0.0501606,-0.063737507
0.0012609853,-0.00083570341,-0.00082975277,-0.056432153,0.044314704,-0.056775965
0.00048982366,-0.0005452436,-0.00066616419,-0.044563286,0.030996657,-0.05139379
0.001217772,-0.00046556794,-0.0004799591,-0.046040558,0.043953067,-0.072332595
0.00096003354,-0.00042359496,-0.00042838277,-0.041620313,0.01492694,-0.052206861
0.0011508793,-0.00048758943,-0.00048044626,-0.039042326,0.020904724,-0.050042934
0.00087759177,-0.00053359847,-0.0005942898,-0.046150114,0.015060432,-0.053524964
0.0015313475,-0.00051751284,-0.00050879248,-0.04624365,0.044727608,-0.072117456
0.0010594838,-0.00059270433,-0.00060360951,-0.046539623,0.031891155,-0.06105455
0.0016739989,-0.00063957285,-0.00052210471,-0.059629651,0.058537351,-0.084091305
0.00053048279,-0.00083430784,-0.00069614124,-0.057237786,0.021794345,-0.03390005
0.0017956152,-0.00072986856,-0.00057183764,-0.072543594,0.065743657,-0.073920418
-0.00035132134,-0.0012023827,-0.00071286458,-0.044794816,-0.039225969,0.033096128
0.0011333857,-0.0012873352,-0.00052826391,-0.033376174,-0.014651152,-0.054580133
0.0018397029,-0.0010485163,-0.0006802094,-0.031527799,0.019307579,-0.064875538
0.0013377713,-0.00094410043,-0.00050760236,-0.024600109,0.022368605,-0.04719058
0.0023496117,-0.00052822,-0.00036654144,-0.032587082,0.049905492,-0.081501962
0.0017559633,-0.00016940875,-0.00032334117,-0.03632056,0.030132236,-0.024115525
0.0016102203,-0.00039895818,-0.00050020975,-0.055497573,0.030775917,-0.014264777
0.0014692741,-0.00035040202,-0.00046433665,-0.061637051,0.023211531,-0.00062376839
0.00055149877,-3.8731809e-06,-0.00049102229,-0.045072767,0.0092684272,-0.0014904849
0.0020162719,0.00011703339,-0.00024144447,-0.064656795,0.039296362,-0.039445758
0.00061935794,5.1278099e-05,-0.0002405491,-0.04729496,-0.01191805,-0.010098588
0.0020123707,8.5033079e-05,-0.00016304337,-0.054919443,0.019440497,-0.056294378
0.0011294302,-0.00019135373,-0.00024156449,-0.049276019,-0.002201088,-0.034462935
0.0021449238,-8.2795075e-05,-0.00026605954,-0.053123667,0.050624901,-0.091217902
0.0025930388,-0.0014984208,-0.00060126596,-0.052820912,0.015316255,-0.096274236
0.0034959527,-0.001901027,-0.00094268473,-0.079166079,0.025569191,-0.12976741
0.0032255609,-0.001798211,-0.00090667585,-0.070542565,0.041055151,-0.1282532
0.0031865696,-0.0018959866,-0.00081272868,-0.069393405,0.059505146,-0.13773281
0.0026584382,-0.0017128352,-0.00076775669,-0.070794489,0.061485638,-0.13585388
0.0031328568,-0.0016102036,-0.00069967704,-0.075495675,0.090283935,-0.16020415
0.0021913016,-0.0016592655,-0.00056071216,-0.071046239,0.045100795,-0.12807771
0.0034070176,-0.0015402127,-0.00057097198,-0.082039368,0.048895668,-0.13775416
0.0027148406,-0.0016191198,-0.00071255039,-0.077097406,0.034579689,-0.11267302
0.0035581507,-0.0016467741,-0.0007020569,-0.082684199,0.071117874,-0.13900525
0.0018400674,-0.0016796483,-0.00089325842,-0.0670044,0.032139661,-0.076911759
0.0035415628,-0.0014838798,-0.00081987178,-0.075779972,0.095732514,-0.15729059
0.0023761473,-0.001686294,-0.00090045787,-0.067898898,0.05488669,-0.10085382
0.003743034,-0.0015961452,-0.00067768161,-0.075799139,0.098156148,-0.15889007
0.0022688041,-0.0015873653,-0.0008460449,-0.066770846,0.042866988,-0.090501715
0.0032672812,-0.0013321229,-0.00053395023,-0.077905691,0.068871281,-0.14839492
0.0025039682,-0.0011607704,-0.00072810772,-0.074081119,0.016226371,-0.10072448
0.0036756318,-0.0011488243,-0.00073214887,-0.086629148,0.068893225,-0.16515937
0.0028750274,-0.0011429524,-0.0007259014,-0.077437381,0.059173696,-0.13125934
0.0037075868,-0.0010233868,-0.00065113213,-0.087094576,0.093852065,-0.16865321
0.0028523913,-0.0011353441,-0.00078237574,-0.083598075,0.063549347,-0.099333967
0.0033503196,-0.00098982786,-0.00080762983,-0.088523242,0.095418776,-0.13263708
0.0023601143,-0.001218668,-0.00096538932,-0.087470519,0.052517487,-0.066906062
0.0035583413,-0.00095725901,-0.00080415742,-0.096880104,0.10672414,-0.13528905
0.0021490629,-0.00092300005,-0.000722532,-0.090214759,0.0468029,-0.075011517
0.0035742491,-0.00087738448,-0.00061667901,-0.098281431,0.072173144,-0.15429825
0.0030546637,-0.00078065262,-0.00069029184,-0.092344033,0.025984779,-0.10031015
0.0041352659,-0.00060287475,-0.00075763771,-0.098618896,0.082991109,-0.18078178
0.0035853067,-0.00071578715,-0.00073296697,-0.093976128,0.066318657,-0.11520925
0.004170167,-0.00061205397,-0.00056906915,-0.092526671,0.10550923,-0.18001718
0.0037979446,-0.00054056498,-0.0007163077,-0.10061917,0.072782632,-0.11938453
0.0042977878,-0.00034839803,-0.00083988856,-0.11480221,0.10254788,-0.18915773
0.0047540978,-0.0006325522,-0.0011314332,-0.13649737,0.11374755,-0.17658139
0.0041497197,-0.00045831156,-0.00091830842,-0.12498793,0.10724286,-0.1919532
0.0037666584,-0.00091932571,-0.0010944443,-0.11953484,0.063005735,-0.15842188
0.0054845645,-0.00020702655,-0.00089786765,-0.11789973,0.12011306,-0.22589983
0.0043821795,-0.00071527157,-0.0012905466,-0.12025606,0.072352077,-0.12016009
0.0048811081,-0.0010871229,-0.0013880775,-0.1265047,0.099040521,-0.18450609
0.0056467204,-0.00069932912,-0.0013832717,-0.14044436,0.13707189,-0.19659065
0.0057124651,-0.00099003725,-0.0013370283,-0.14982879,0.1635144,-0.22251746
0.005696162,-0.00082142093,-0.0012878664,-0.1387924,0.15352969,-0.17986918
0.0054026544,-0.00095764738,-0.001423752,-0.13882802,0.12330302,-0.1818934
0.0059728281,-0.00073732655,-0.001357941,-0.14370898,0.12283052,-0.17090036
0.0054675097,-0.00082116307,-0.0012881154,-0.14508337,0.090740858,-0.17631959
0.0060502056,-0.00094106591,-0.0012006298,-0.14325054,0.085671394,-0.17763576
0.0057396573,-0.0013153467,-0.0013648055,-0.13480175,0.10465688,-0.19821446
0.0057428144,-0.0017310877,-0.0016098516,-0.13683731,0.088436638,-0.18859035
0.0056111889,-0.002789266,-0.0019675905,-0.14703507,0.084035366,-0.19996744
0.007484968,-0.0020563561,-0.0017736379,-0.14612465,0.16214247,-0.25255347
0.0064331535,-0.002193778,-0.0017922724,-0.15088739,0.13317612,-0.21610039
0.0074118303,-0.0020197212,-0.0016103852,-0.16236871,0.16956529,-0.24380907
0.0060933172,-0.0024100232,-0.0019387629,-0.163356,0.13068428,-0.18517121
0.0071468327,-0.0018217641,-0.0014837459,-0.16751036,0.177766,-0.24193842
0.0054358286,-0.0022451638,-0.0017291563,-0.15996732,0.097010516,-0.15763876
0.0065440039,-0.0024283412,-0.0018012566,-0.17224712,0.1037488,-0.18990995
0.0064234243,-0.0021116069,-0.0018425,-0.16283117,0.11598128,-0.18116196
0.0067713901,-0.0021785979,-0.0019470785,-0.15880711,0.14188124,-0.2114302
0.0069289588,-0.0022941271,-0.001955737,-0.15444637,0.13669602,-0.20784329
0.0072334873,-0.0021145182,-0.0019352434,-0.16010285,0.14481545,-0.23547297
0.0064945022,-0.0022114457,-0.0019893472,-0.15275329,0.13571797,-0.19592835
0.0068162533,-0.0024138823,-0.0020870761,-0.16058957,0.15256122,-0.19981924
0.0068147936,-0.0022553276,-0.0019330923,-0.16091938,0.1541761,-0.21037128
0.0066737326,-0.0024304539,-0.0018324119,-0.16530948,0.1379124,-0.21846585
0.0073034032,-0.0022220611,-0.0016745759,-0.16798782,0.12357315,-0.21347089
0.0074659275,-0.0026013024,-0.0020390583,-0.17345377,0.10504842,-0.2026419
0.0080015298,-0.0025652899,-0.0019938685,-0.18285665,0.14034534,-0.24207449
0.0083924082,-0.0034762538,-0.0023521558,-0.18761891,0.1408783,-0.26336779
0.0090091737,-0.0031433553,-0.0023739267,-0.18971566,0.17889943,-0.27107573
0.0083119265,-0.0035011662,-0.002573356,-0.18293774,0.15713511,-0.23213682
0.0090550911,-0.0032541047,-0.0024497388,-0.19118358,0.18174973,-0.27417905
0.0083341023,-0.0038100086,-0.0027115427,-0.18600033,0.13925215,-0.22956569
0.0088758248,-0.0041202277,-0.0028035364,-0.19115775,0.15571472,-0.25777289
0.0085158399,-0.004061639,-0.0028202676,-0.19720149,0.13327173,-0.24876785
0.0095911055,-0.0040735617,-0.0028429495,-0.2137712,0.17715093,-0.29250878
0.0090360066,-0.0041823576,-0.0029329465,-0.21213786,0.18084688,-0.26288006
0.0091055602,-0.0041416342,-0.002860101,-0.21660537,0.19401545,-0.26629566
0.0093255896,-0.0039556112,-0.0026204946,-0.21081231,0.17079377,-0.24033165
0.0096044337,-0.0040648585,-0.0025715091,-0.20648451,0.16745686,-0.25581939
0.0091340715,-0.0038445787,-0.002752796,-0.20546453,0.14009369,-0.22028491
0.0085571908,-0.0048666394,-0.0030821988,-0.21844074,0.13508366,-0.20994504
0.0086228387,-0.0046739775,-0.0033109602,-0.22654098,0.14458462,-0.22289983
0.0086768957,-0.0044149236,-0.0033439883,-0.22230742,0.13073976,-0.23864327
0.009776169,-0.0041526015,-0.0031858885,-0.22018688,0.13592563,-0.2587816
0.0096642309,-0.004282821,-0.0033771032,-0.22345906,0.13249858,-0.25883574
0.0097013404,-0.004401577,-0.0035627621,-0.22709846,0.15945096,-0.27815786
0.009975474,-0.0048674736,-0.0038373058,-0.23770273,0.15401771,-0.29595835
0.010376994,-0.0049599591,-0.0039078785,-0.25339961,0.18025853,-0.32682146
0.0096646438,-0.0052745001,-0.0040901279,-0.24914037,0.1692187,-0.27916476
0.010537628,-0.0055249887,-0.004214114,-0.25702304,0.17010299,-0.29983151
0.010381757,-0.0056094606,-0.0040832394,-0.25897559,0.15484409,-0.30420938
0.010344113,-0.0057993351,-0.0041756903,-0.26760383,0.15026215,-0.29477588
0.010215563,-0.0056960664,-0.0041998487,-0.2669277,0.1372598,-0.30094411
0.010480584,-0.0055478765,-0.0041653149,-0.26825757,0.13767889,-0.30105257
0.010408438,-0.0056187057,-0.00435156,-0.26153253,0.14860886,-0.30660126
0.010361575,-0.0056600524,-0.0044960656,-0.26787959,0.15679009,-0.29325666
0.010515134,-0.0059289675,-0.0044685898,-0.26156237,0.16678876,-0.30783587
0.01091164,-0.0060849407,-0.0045021873,-0.27554295,0.17549603,-0.32770605
0.010569158,-0.0062337172,-0.0044125174,-0.27783759,0.17373745,-0.31440002
0.010763694,-0.0061335771,-0.0043431383,-0.28081744,0.18566497,-0.32414604
0.0107997,-0.0060927129,-0.004155324,-0.26910592,0.16956462,-0.31745926
0.010336747,-0.0062460722,-0.0041544299,-0.27541746,0.15486154,-0.29933899
0.010391711,-0.0066295955,-0.0042801149,-0.2799126,0.16493895,-0.32450827
0.010270255,-0.0063627765,-0.0045948113,-0.28148835,0.17408402,-0.31948459
0.010344205,-0.0064926882,-0.0047686504,-0.28778383,0.17173144,-0.32608026
0.01105095,-0.0064961115,-0.0052012398,-0.30433137,0.19425115,-0.32201747
0.011271648,-0.0072395047,-0.0056678755,-0.32505685,0.18643555,-0.32342901
0.011635773,-0.0073468811,-0.0058224283,-0.34329919,0.2112087,-0.35543434
0.01051216,-0.0071711201,-0.0055685191,-0.28665761,0.14182905,-0.2724633
0.0099354417,-0.0075888061,-0.0059283687,-0.24404627,0.068715703,-0.23788241
0.011383931,-0.0079591228,-0.0060861953,-0.27114851,0.16588937,-0.33642642
0.012070618,-0.0078958916,-0.0060788826,-0.28798502,0.20505874,-0.31540422
0.011479333,-0.007862986,-0.0062918241,-0.30769038,0.18286715,-0.30780492
0.012665157,-0.0072297342,-0.0058787361,-0.31285262,0.20597731,-0.31944839
0.011883535,-0.0070165923,-0.0060129333,-0.30617364,0.17488537,-0.27687874
0.011849569,-0.0070739509,-0.0060151201,-0.29559802,0.13810575,-0.24410545
0.012060709,-0.0067023226,-0.0060047361,-0.31126379,0.12465303,-0.26289415
0.012414103,-0.0070831788,-0.0061797208,-0.3149018,0.13921118,-0.30616772
0.011366817,-0.0064208794,-0.0058688363,-0.30277394,0.15753765,-0.29007633
0.011472495,-0.0061780531,-0.00574636,-0.29968908,0.16120677,-0.30636896
0.01199018,-0.0070660912,-0.0059142202,-0.29617723,0.16905226,-0.34967371
0.012199044,-0.0070154619,-0.005911303,-0.30308884,0.16452814,-0.34329636
0.012339478,-0.0070750176,-0.0063339772,-0.31974704,0.15418707,-0.33584108
0.012267906,-0.0075148713,-0.0067093559,-0.35078597,0.15301217,-0.35969374
0.012199681,-0.0080318331,-0.0071096138,-0.36023885,0.15091033,-0.38162006
0.012440262,-0.0079155096,-0.0071544636,-0.36665707,0.18655587,-0.42694665
0.012223613,-0.0082145217,-0.007205221,-0.36663879,0.19833215,-0.41261158
0.012514075,-0.0079587128,-0.0073936359,-0.37369531,0.21071426,-0.40714694
0.012294705,-0.0080351915,-0.0071766386,-0.3629843,0.20096034,-0.40049575
0.012652558,-0.0081736363,-0.0070742371,-0.37066835,0.20136511,-0.4027241
0.011992068,-0.008101697,-0.0073039307,-0.36901832,0.1646883,-0.39094789
0.012128791,-0.0083326923,-0.0074416267,-0.36889207,0.16864924,-0.39982572
0.011984653,-0.0081977679,-0.0076305422,-0.37102231,0.16239912,-0.39433492
0.012481203,-0.008198281,-0.0074843608,-0.36942735,0.16833368,-0.42063793
0.012647615,-0.0082484071,-0.0075966524,-0.3746563,0.1596476,-0.40944425
0.013286807,-0.0085473849,-0.0076938222,-0.38704285,0.18424933,-0.45087146
0.012856398,-0.0089240365,-0.0079514447,-0.38587966,0.17484731,-0.42933437
0.013261069,-0.0090004625,-0.0080693255,-0.40445944,0.19849112,-0.4492977
0.013115485,-0.0092087291,-0.007999295,-0.40235333,0.17452224,-0.41184942
0.011919619,-0.0098110474,-0.0083278295,-0.39276123,0.15060064,-0.36885068
0.012556234,-0.0098150067,-0.0081580618,-0.40071664,0.15578835,-0.40285741
0.01264708,-0.0096420637,-0.0082817974,-0.40679682,0.14790285,-0.40402459
0.013428527,-0.0099229747,-0.0083827431,-0.42502866,0.16267685,-0.43207179
0.013737795,-0.010582633,-0.0087074172,-0.44449413,0.16159909,-0.44154108
0.013835745,-0.010988321,-0.0090569724,-0.46101199,0.1703732,-0.45981079
0.013924677,-0.010849911,-0.0091768188,-0.45848297,0.16381752,-0.45332625
0.014526349,-0.011240755,-0.009353078,-0.46914353,0.16637121,-0.46305704
0.014361051,-0.011426996,-0.0093793961,-0.47109331,0.166832,-0.44423971
0.014524645,-0.011303285,-0.0096570906,-0.48823293,0.1783931,-0.448238
0.014450155,-0.01096631,-0.0096146198,-0.48023787,0.18759674,-0.44393325
0.014451166,-0.011148384,-0.0092891569,-0.46183368,0.16723635,-0.45817594
0.014753968,-0.011195665,-0.0093154489,-0.44747415,0.1595475,-0.48529192
0.014936182,-0.011406367,-0.0094353856,-0.44898975,0.15990509,-0.49627112
0.015042969,-0.011519195,-0.0096360944,-0.45768421,0.17146697,-0.50322175
0.01497167,-0.01147493,-0.0094497097,-0.45278394,0.16209423,-0.50278321
0.015393413,-0.011632451,-0.0097167487,-0.4694472,0.16605654,-0.50839676
0.015044924,-0.011786842,-0.0099996806,-0.48608453,0.17385877,-0.51234052
0.015383455,-0.011805788,-0.0099444445,-0.49197622,0.20924586,-0.51318305
0.014768048,-0.011554584,-0.0097791563,-0.49103364,0.19518492,-0.48790749
0.01458728,-0.011468134,-0.0097493445,-0.48611637,0.17636111,-0.49239607
0.015348425,-0.011619211,-0.0097526798,-0.49107032,0.18422713,-0.49773448
0.014999872,-0.011691363,-0.0097583331,-0.47951278,0.17182432,-0.49510499
0.01548175,-0.011520283,-0.0099222156,-0.48257494,0.18609016,-0.50871582
0.015598501,-0.01169708,-0.010051441,-0.47930322,0.18799806,-0.49924912
0.015059112,-0.01199581,-0.0099740747,-0.47211974,0.18620347,-0.47080594
0.015115867,-0.012037661,-0.010133938,-0.47502187,0.18555118,-0.4897185
0.015738216,-0.012054319,-0.010254,-0.48752371,0.20540182,-0.52755745
0.01566023,-0.012257421,-0.010225516,-0.48175872,0.19169849,-0.50229599
0.015844103,-0.012085102,-0.01028465,-0.48995465,0.18702247,-0.51604458
0.015531051,-0.011986798,-0.010121107,-0.47593861,0.16974222,-0.51877566
0.01557428,-0.011992499,-0.010039361,-0.48650922,0.17110774,-0.52701265
0.015245553,-0.011959091,-0.010279716,-0.4798236,0.15197113,-0.49790371
0.014983883,-0.012148696,-0.010473144,-0.48222187,0.15994719,-0.47755263
0.015878242,-0.012273278,-0.010561127,-0.4964535,0.20203421,-0.5138557
0.016160779,-0.012442059,-0.010606318,-0.50353572,0.21781131,-0.54434242
0.016482955,-0.012506597,-0.010454302,-0.51065231,0.23635124,-0.56395491
0.016712554,-0.01239535,-0.010484021,-0.51234885,0.23159891,-0.55941574
0.015980544,-0.012365498,-0.010639664,-0.50294464,0.20283517,-0.51271326
0.01608826,-0.012132853,-0.010655507,-0.49908368,0.18976368,-0.51266173
0.015269593,-0.012470354,-0.010724156,-0.48679791,0.14683409,-0.45884161
0.016014712,-0.012786646,-0.010868141,-0.4957446,0.17159113,-0.5169313
0.017011365,-0.012166526,-0.010891454,-0.50866193,0.19977294,-0.57001924
0.016711452,-0.012437228,-0.010810079,-0.50274661,0.19675064,-0.57497233
0.01786938,-0.012047554,-0.011226298,-0.52641847,0.20615037,-0.58298057
0.018627812,-0.012049945,-0.011993427,-0.54121281,0.18267774,-0.56402848
0.019905441,-0.012423264,-0.012769341,-0.57414691,0.19985215,-0.57051367
0.018475274,-0.012137666,-0.012596501,-0.55815332,0.19038712,-0.53084263
0.019449507,-0.011802098,-0.0122829,-0.5622884,0.22290317,-0.55072286
0.018259311,-0.011753131,-0.012555412,-0.56166101,0.17736677,-0.50119744
0.018390045,-0.012113076,-0.012720981,-0.57622812,0.17352362,-0.52696698
0.018908027,-0.012031916,-0.012996288,-0.57751114,0.17108809,-0.53855968
0.018839869,-0.011937617,-0.012951217,-0.56074392,0.18648986,-0.54996989
0.019069427,-0.011944973,-0.013176911,-0.56272559,0.21420887,-0.55258602
0.019044721,-0.011902816,-0.012989664,-0.55815237,0.20638888,-0.55210503
0.019080016,-0.012115668,-0.013004024,-0.55830622,0.20229403,-0.55231234
0.019193955,-0.012150672,-0.013063787,-0.56679732,0.19303736,-0.55679635
0.01857026,-0.012082102,-0.012999529,-0.56290013,0.1832388,-0.55663514
0.018945448,-0.011418465,-0.012959646,-0.57163819,0.19606523,-0.54785055
0.01836574,-0.011264772,-0.012508108,-0.56119825,0.18550717,-0.53824945
0.01821989,-0.011674029,-0.012499134,-0.56397558,0.2017027,-0.57458081
0.018409375,-0.011622071,-0.013131747,-0.57839442,0.18291227,-0.54858822
0.018908155,-0.011836404,-0.01312635,-0.58223396,0.20173017,-0.57569538
0.018788603,-0.011917481,-0.013062353,-0.56844567,0.20417734,-0.55687065
0.018836447,-0.011928601,-0.01302801,-0.56805039,0.21080662,-0.58460136
0.019335707,-0.012036758,-0.012845299,-0.56670921,0.21700947,-0.5870273
0.019661234,-0.012266601,-0.012807202,-0.57120976,0.22108572,-0.59938622
0.019571697,-0.012359639,-0.012807333,-0.56944222,0.21072108,-0.57674418
0.019071168,-0.012353722,-0.012916738,-0.56508126,0.18877045,-0.56905479
0.01961049,-0.012330184,-0.012987146,-0.57239769,0.20336756,-0.58757571
0.019331859,-0.012156257,-0.013035987,-0.5775124,0.20025604,-0.57364665
0.019822692,-0.012243588,-0.012979994,-0.58537535,0.20954493,-0.58830295
0.020201799,-0.012208214,-0.013143302,-0.58561019,0.19371151,-0.58343486
0.020311985,-0.012386704,-0.013344696,-0.58785192,0.21096353,-0.60170749
0.020151688,-0.012576664,-0.013246728,-0.57912493,0.22101676,-0.59024262
0.020614579,-0.012580461,-0.013509463,-0.58600415,0.23008947,-0.59359932
0.02060422,-0.012670968,-0.013443766,-0.5907955,0.2216701,-0.57872398
0.020420016,-0.012752264,-0.013330281,-0.58500715,0.20983875,-0.56668544
0.020490991,-0.012656836,-0.013203131,-0.58305641,0.21637588,-0.57960081
0.020372946,-0.012795066,-0.013347665,-0.58281706,0.22127679,-0.59057224
0.02050428,-0.012762526,-0.013416442,-0.58405064,0.21048883,-0.5913241
0.020240488,-0.012696144,-0.013376643,-0.57523495,0.19599982,-0.55993884
0.02080884,-0.012867253,-0.013246239,-0.57761434,0.20952743,-0.58294704
0.020552586,-0.013113451,-0.013238359,-0.57132864,0.19244304,-0.56830306
0.020847384,-0.013286852,-0.013244431,-0.58564595,0.20918274,-0.59019466
0.020409879,-0.013395,-0.013374984,-0.58750999,0.21103578,-0.58485625
0.020998039,-0.01353883,-0.01355944,-0.59743733,0.22761957,-0.60413696
0.020726046,-0.013543722,-0.013627891,-0.60224617,0.21040346,-0.57208078
0.020923946,-0.013451474,-0.013572265,-0.60612478,0.22691653,-0.58797938
0.020698653,-0.013287519,-0.013323798,-0.59350377,0.21244386,-0.56084249
0.020517112,-0.013131876,-0.013116104,-0.58125339,0.20077526,-0.57175229
0.021435456,-0.013075475,-0.013298516,-0.58127368,0.20283187,-0.60272207
0.021380986,-0.012873023,-0.013325096,-0.58262477,0.20680165,-0.57651259
0.021947759,-0.01288937,-0.013339228,-0.59613874,0.21348137,-0.57973117
0.021418704,-0.013111745,-0.013303764,-0.59198909,0.20641733,-0.57665976
0.021928293,-0.013375942,-0.01345326,-0.59783533,0.25222786,-0.61221645
0.021485262,-0.013242853,-0.013420755,-0.59067475,0.24564221,-0.59376943
0.021902957,-0.013591927,-0.013552892,-0.60227197,0.25634833,-0.60534416
0.021933715,-0.013358556,-0.013451491,-0.60278679,0.25306638,-0.60099664
0.021436587,-0.013454894,-0.013515676,-0.5992665,0.23812175,-0.58971011
0.021733077,-0.01353495,-0.013513556,-0.60598749,0.22037058,-0.59272676
0.021323338,-0.013535231,-0.013638521,-0.59351014,0.21200689,-0.5694411
0.021877103,-0.01398103,-0.013745097,-0.59151474,0.23804232,-0.606561
0.021780376,-0.013982158,-0.013711406,-0.58734319,0.2546697,-0.6120637
0.021979629,-0.014105865,-0.013780817,-0.59589761,0.2820739,-0.63854077
0.021971872,-0.014118996,-0.013713414,-0.59187752,0.25520605,-0.60555778
0.02109047,-0.013954667,-0.014108361,-0.58929387,0.22619268,-0.59335861
0.021910137,-0.014144131,-0.014077262,-0.59818552,0.25757265,-0.6107605
0.021466364,-0.013829344,-0.014132109,-0.6004302,0.25050084,-0.61061869
0.022596762,-0.014051284,-0.013958147,-0.61062354,0.25643399,-0.65856352
0.02242482,-0.013921969,-0.014066338,-0.59792687,0.22767322,-0.63573086
0.023303031,-0.014174591,-0.014231912,-0.61234512,0.24510365,-0.65767378
0.023218118,-0.014275723,-0.014210145,-0.62101281,0.25076055,-0.63631621
0.023782511,-0.014330702,-0.014316497,-0.6354306,0.26396616,-0.66660193
0.02326711,-0.0144272,-0.014407286,-0.63280846,0.2538633,-0.64189573
0.023596188,-0.014704342,-0.014460978,-0.63240883,0.28064594,-0.66823057
0.023150918,-0.014867919,-0.014665454,-0.63458559,0.25807334,-0.62376949
0.023797725,-0.014923431,-0.014479694,-0.63875052,0.27493707,-0.67185083
0.023015482,-0.01510393,-0.014780575,-0.64938202,0.21465874,-0.57732119
0.022055937,-0.01605279,-0.0150267,-0.64540804,0.1622652,-0.52573607
0.023517027,-0.016861615,-0.015268406,-0.66210122,0.24325702,-0.60337033
0.023225677,-0.017019863,-0.01532647,-0.67543579,0.22865626,-0.59836163
0.024177252,-0.017268746,-0.015266985,-0.69500288,0.25275352,-0.63049924
0.024445863,-0.017314152,-0.015304981,-0.70581235,0.24085732,-0.60155805
0.024875737,-0.017634112,-0.015731094,-0.72637058,0.24498729,-0.60136855
0.025360392,-0.017608922,-0.015490269,-0.71897129,0.22894962,-0.56822494
0.024533291,-0.017168357,-0.015614746,-0.69601877,0.18848936,-0.54825144
0.025417426,-0.017344447,-0.015917969,-0.72546924,0.19576985,-0.5832131
0.025054295,-0.01748067,-0.016000895,-0.72567774,0.19392429,-0.58795525
0.025532871,-0.017773717,-0.015975253,-0.74362335,0.22344887,-0.62523261
0.025127033,-0.017662814,-0.016082886,-0.74022814,0.24269735,-0.62347162
0.026240235,-0.017558195,-0.016082082,-0.74787662,0.26490256,-0.64124164
0.025752847,-0.017188711,-0.016087761,-0.72978206,0.25632905,-0.60335224
0.026048534,-0.017383385,-0.016076248,-0.73193266,0.27036351,-0.60852091
0.024853234,-0.01695222,-0.015988872,-0.72045727,0.24008313,-0.56975955
0.024910218,-0.016431107,-0.016100114,-0.72976614,0.2609407,-0.61581186
0.026216296,-0.01677029,-0.016083281,-0.73527285,0.29413502,-0.65383611
0.026181674,-0.016957298,-0.016144527,-0.73833261,0.29790006,-0.65551579
0.02652886,-0.016904012,-0.016372372,-0.74918962,0.29353172,-0.66139566
0.026594117,-0.016602088,-0.016495635,-0.75446976,0.27636599,-0.64985962
0.026453585,-0.016765223,-0.016726615,-0.75797726,0.27003385,-0.62727013
0.02704451,-0.016676701,-0.016932533,-0.75714361,0.27391086,-0.65121759
0.026981913,-0.016973941,-0.017071165,-0.75065257,0.28980752,-0.65494977
0.026754799,-0.016786601,-0.01679049,-0.75718884,0.30407289,-0.65807108
0.027207957,-0.016417179,-0.016692038,-0.7584055,0.29715089,-0.67394686
0.026880216,-0.016186325,-0.016409873,-0.73641629,0.27094517,-0.65522271
0.027001417,-0.016295979,-0.016605134,-0.74697505,0.25714072,-0.65393774
0.027141048,-0.01630008,-0.016829398,-0.75454963,0.24253336,-0.6631349
0.027704522,-0.016537957,-0.016667958,-0.74661755,0.26036829,-0.67382731
0.028013776,-0.016447704,-0.016647139,-0.75086569,0.28685588,-0.69875936
0.028195812,-0.016331336,-0.016599852,-0.74330618,0.28762638,-0.69695578
0.028006291,-0.016486308,-0.016811124,-0.74462869,0.28042946,-0.68713641
0.028381551,-0.016564989,-0.017094898,-0.75273062,0.27068636,-0.66783856
0.027337378,-0.016417212,-0.017092052,-0.74990842,0.26748272,-0.6543143
0.027375056,-0.015872602,-0.017129894,-0.74259819,0.28507132,-0.69414334
0.02777076,-0.016363588,-0.017496995,-0.76120949,0.2747859,-0.70167429
0.028524403,-0.016400507,-0.017537737,-0.77837856,0.30134297,-0.725156
0.028328119,-0.016543667,-0.017680361,-0.76672346,0.2442179,-0.67801551
0.029121471,-0.016519296,-0.017883289,-0.78347097,0.2527714,-0.69343839
0.029063428,-0.016156984,-0.018093736,-0.77623287,0.2453757,-0.67600689
0.029045111,-0.016063662,-0.018035895,-0.7820766,0.29358688,-0.7086099
0.029364036,-0.01606602,-0.018167804,-0.79041974,0.29475515,-0.72024801
0.029493613,-0.015859528,-0.018182172,-0.79356183,0.31844418,-0.73808337
0.029476443,-0.015924072,-0.018285348,-0.79687493,0.30610369,-0.68431548
0.029188683,-0.016182695,-0.018247282,-0.79666336,0.30218408,-0.66225747
0.029448242,-0.016068818,-0.018345205,-0.80073156,0.27658493,-0.65461256
0.028636331,-0.01644832,-0.018505909,-0.79380541,0.23536993,-0.67025697
0.030396349,-0.01744011,-0.018640911,-0.82193958,0.28769212,-0.70995731
0.029810127,-0.017170412,-0.018756235,-0.81136268,0.2799519,-0.68735186
0.03027698,-0.01726971,-0.018857483,-0.81893806,0.28433789,-0.68635157
0.029517292,-0.016841953,-0.01871694,-0.80201505,0.2780911,-0.67948736
0.030864228,-0.017446177,-0.018827487,-0.8064338,0.29223512,-0.69590991
0.02664787,-0.015479221,-0.017951703,-0.74408555,0.2550978,-0.60474596
0.019529954,-0.010322245,-0.015508162,-0.64730997,0.25927798,-0.43151829
0.02149318,-0.011958794,-0.015425935,-0.64098937,0.23043359,-0.39525895
