0,0,0,0,0,0
-0.00023108181,0.00049796364,-5.1303764e-05,-0.01037893,0.04795807,-0.042247726
-0.00084658725,0.00056931888,0.00010210504,-0.011607169,0.10472122,-0.13077832
-0.00089872837,0.00054596075,0.00022774647,-0.012769703,0.053591604,-0.10143027
-0.00095605732,0.0006049807,0.00018323313,-0.0059565961,0.072919558,-0.14136014
-0.00088079792,0.00039421486,0.00043625498,0.0085014374,0.071778738,-0.12954136
-0.0012295911,0.00056553925,0.00029197689,-0.0065021949,0.039312233,-0.11314964
-0.0010559239,0.00034964627,0.00055932245,0.013703151,0.060660662,-0.096129687
-0.0014559717,0.00045689248,0.00024253122,-0.0027903932,0.019448142,-0.070472483
-0.0011324407,0.00014156303,0.00047434996,0.018766878,0.035832395,-0.083143285
-0.0012594924,0.00031227123,0.00035504116,0.0049001273,-0.0063762363,-0.017843446
-0.0012733191,0.0001951173,0.00064348406,0.031395307,0.03308898,-0.07116302
-0.0013490854,0.00039950157,0.00042566937,0.0065366571,-0.0093868978,-0.0037854014
-0.0013826788,0.00039528389,0.00066828369,0.020681935,0.02189224,-0.065803829
-0.0013960777,0.00046646502,0.00051680831,0.014300558,0.0026833327,-0.039167513
-0.0015414178,0.00058707976,0.00054056702,0.016008331,0.0051351238,-0.087639109
-0.0014996253,0.00068814844,0.00064142306,0.0059815898,-0.051879507,0.014035053
-0.0017779967,0.00050085076,0.00062230238,0.022287112,-0.009091573,-0.04285142
-0.0022805241,0.0007132439,0.00046152483,0.010823153,-0.0087826139,-0.016668841
-0.0024030957,0.00062708943,0.00069190471,0.029738365,0.019308917,-0.068910248
-0.0021788923,0.00058845526,0.00063068244,0.016373408,-0.021024218,-0.0065575699
-0.0024948793,0.00055798624,0.00071217451,0.034756504,0.0081349007,-0.073561408
-0.001945205,0.00075677245,0.00087551624,0.031838824,-0.019744888,-0.0029930145
-0.002454624,0.00076812772,0.0009316203,0.033207443,0.013121275,-0.045951895
-0.0021465105,0.00072706126,0.00087240673,0.024482299,-0.0029686488,0.012368245
-0.0027219511,0.00088726695,0.0008468931,0.030742936,0.021688675,-0.066962471
-0.0021442759,0.00074621149,0.00085895373,0.026512377,0.001123233,0.015410061
-0.0022704919,0.00079577729,0.00074332912,0.03053925,-0.0032742785,-0.045842941
-0.0020224131,0.00055665647,0.00082943422,0.044872591,0.020097875,-0.064855699
-0.0023681497,0.00078959501,0.00072212605,0.025278522,0.0040903896,-0.053422621
-0.0020208455,0.00057489291,0.00099017126,0.044358685,0.020654079,-0.042151908
-0.0024298973,0.00090979627,0.00084417707,0.036228436,-0.010994802,-0.022608611
-0.0021401306,0.00072419308,0.0011100078,0.055355692,0.028520709,-0.034589126
-0.0023192987,0.0010540947,0.00082469382,0.032498848,-0.015733603,0.0056511519
-0.0020183947,0.00075960899,0.0011757628,0.057182914,0.036799865,-0.060647656
-0.0021740364,0.0010548008,0.0009729416,0.037561364,-0.0016411995,-0.026704743
-0.0022764251,0.00083298313,0.00097118054,0.039402639,0.035053005,-0.068394946
-0.00031823375,0.00053521918,0.0012081379,0.062176298,-0.0092071288,-0.065901066
0.0013827756,-0.00018700169,0.00060632756,0.096114328,0.04778576,-0.51586159
0.0005719947,0.00061882003,0.00099534982,0.055702671,-0.011459222,-0.24126321
0.00019263699,0.00067931016,0.0014412937,0.082307024,0.031545084,-0.25115237
9.8968849e-05,0.00078140961,0.0012372262,0.060570764,-0.0053691462,-0.16308703
-2.68885e-05,0.0010707128,0.0013367085,0.065406497,0.030297523,-0.19357649
-0.00025181683,0.0011085266,0.0014168431,0.060053053,0.029219287,-0.15697263
-0.00022597931,0.0010597867,0.001419421,0.072835881,0.046566198,-0.1968626
-0.00026542099,0.001065512,0.0012752631,0.064926548,0.037427918,-0.13766004
-0.00038079792,0.0010599837,0.0012623466,0.068039561,0.04405,-0.16868257
-0.00041351467,0.0013318105,0.0011847785,0.054761277,0.042484609,-0.14774641
-0.00043595864,0.0012845434,0.0012367463,0.058451416,0.041110209,-0.16119135
-0.00055985437,0.0012655013,0.0013701105,0.064206967,0.035309753,-0.14363298
-0.0008245096,0.0014701458,0.0012819813,0.057165508,0.015111369,-0.10776135
-0.00087299941,0.0015159113,0.0013204615,0.059959614,0.036210831,-0.088837317
-0.00098612053,0.0017845646,0.0011126154,0.046703264,0.034441165,-0.076764818
-0.0011953862,0.0018212489,0.0011371101,0.044287364,0.048109638,-0.083165879
-0.0010229211,0.0019847832,0.0010439876,0.036553101,0.033702207,-0.060650052
-0.0012718108,0.0019965403,0.00097506024,0.041402003,0.038105483,-0.071143834
-0.0015795108,0.0019667333,0.00036155105,0.017673973,0.044629956,-0.16550343
-0.00090435091,0.0020081938,0.00049072893,0.017253746,0.041215998,-0.10800464
-0.00102429,0.0022651151,0.00066777338,0.023168393,0.026925133,-0.1003593
-0.001181283,0.0022137531,0.00089837781,0.035800877,0.027765783,-0.083704579
-0.0013921954,0.0023402097,0.00085420912,0.032508574,0.0085358634,-0.068737148
-0.0014166348,0.0022745464,0.00081273564,0.0289705,0.044122319,-0.039715745
-0.0017611466,0.0025057756,0.00062373738,0.023335044,0.037655298,-0.027312057
-0.0019026668,0.0024212437,0.00066181028,0.036879631,0.065420759,-0.051341689
-0.00184769,0.0026666355,0.00048376748,0.02947757,0.033139855,-0.0056595464
-0.0019848817,0.0027109943,0.0004419038,0.033634388,0.059944425,-0.032138796
-0.0022349841,0.0029205441,0.00022611481,0.012830443,0.037837811,-0.0038253791
-0.0022119622,0.0026266897,-9.2699537e-06,0.024169578,0.072692273,-0.043723407
-0.0011982615,0.0033449396,0.00017208655,0.00084488699,-0.023237237,-0.047069794
-0.0011542629,0.00352818,0.00069182294,0.018645159,0.040251016,-0.057443136
-0.001242851,0.0033551165,0.00072166309,0.013127411,0.029907324,0.031244334
-0.001539353,0.0035408608,0.00057070643,0.014694648,0.04227582,-0.0016274329
-0.0012344962,0.003616774,0.00060770051,0.017451528,0.049000156,0.045768184
-0.0014897222,0.0037131342,0.00052416667,0.015270253,0.046945616,0.017383917
-0.0013588176,0.0036699647,0.00061432778,0.018283726,0.05719494,0.08436762
-0.0015980037,0.0038074614,0.00041601939,0.022346959,0.049746224,0.056655852
-0.0012942547,0.0038442361,0.00023469988,0.0098837064,0.055036317,0.094935504
-0.0020830427,0.0041577953,0.00021079519,0.0091205286,0.054879103,0.10236509
-0.0017811242,0.0039920643,0.0004126617,0.019762533,0.073054342,0.11670978
-0.0020584269,0.0042326827,0.00037349179,0.02107322,0.064929132,0.10820161
-0.0018093343,0.0041043045,0.00058929301,0.024790614,0.065590927,0.14705786
-0.002110134,0.0043229684,0.00041328524,0.020128589,0.056123786,0.12007771
-0.0018388545,0.0043056408,0.00056203221,0.023502406,0.079227485,0.11177035
-0.0022220982,0.0044551593,0.00044707865,0.0151596,0.056854581,0.097186226
-0.002125862,0.0044514158,0.00052014508,0.024743274,0.078998478,0.11048819
-0.0025386338,0.0047186779,0.00018036561,0.015148924,0.061658548,0.069607094
-0.0021467298,0.0044611796,0.00025431479,0.021724686,0.085509761,0.048583648
-0.0026327949,0.0046155969,0.00024359188,0.022565347,0.074528688,0.019853582
-0.0021075617,0.0045267121,0.0004866552,0.03968674,0.09957911,0.014889871
-0.0025093229,0.0046997315,0.00033399869,0.027660304,0.060315163,0.057346595
-0.0021737289,0.0046930791,0.00049553223,0.036963023,0.092164287,0.018920602
-0.0026738876,0.0048618607,0.0002244019,0.021067814,0.069706508,0.045699705
-0.0024348224,0.0048409639,0.00054497937,0.040247823,0.10185701,0.0079560479
-0.0027694146,0.004994491,0.00044794423,0.022620423,0.078561414,0.065389671
-0.0026449018,0.0050599083,0.00042496362,0.033537242,0.096112968,0.029934831
-0.0025951773,0.0050940002,0.00020328218,0.018100797,0.076742181,0.045940858
-0.0014775996,0.0048695618,1.9468516e-05,0.021880636,0.089797738,-0.028183261
-0.0020993841,0.0051194053,8.7104997e-06,0.0030625181,0.065883295,0.078797057
-0.0021020945,0.0052510934,0.00036126144,0.025143601,0.084987223,0.030307985
-0.0022928895,0.0051536922,0.00044585315,0.024554519,0.076579057,0.1069399
-0.0019063274,0.0053520523,0.00043925279,0.024918646,0.069012008,0.083186165
-0.0021329699,0.0052560061,0.00059220686,0.033955112,0.094747825,0.10666587
-0.0018864039,0.0053950728,0.00051204394,0.028016602,0.064077094,0.091675377
-0.0024563243,0.0053256584,0.00067480927,0.030402039,0.1054442,0.12666151
-0.00024547664,0.005459706,0.00030609725,0.019441969,-0.0095084127,0.13911303
0.00025563623,0.0056689444,-0.00010396126,0.014252286,-0.0397751,0.14241685
-0.0014026036,0.0061247439,-0.00019440742,-0.0067216768,0.060908467,0.12759927
-0.0014529223,0.0061259587,3.7486776e-05,0.0056462772,0.11246218,0.079164034
-0.0015007811,0.0062294236,7.9140813e-05,0.011245679,0.10159178,0.12181855
-0.0017356869,0.0062827007,0.00014231658,0.018950857,0.096704943,0.11628462
-0.0013277272,0.0061873804,7.8049511e-05,0.015706875,0.10284302,0.13761592
-0.0017332097,0.0062869622,-7.5515873e-05,0.010415101,0.11614076,0.12596977
-0.0013205638,0.0063658146,-5.5675262e-05,0.0051794908,0.11588015,0.20842478
-0.00272194,0.0066475985,-0.00033485212,0.0014926464,0.084663522,0.21271093
0.0012944219,0.0064707472,0.00021863359,0.031108351,0.10077272,0.16788491
0.0056140573,0.0068771358,5.2170459e-05,0.024559923,0.036887957,0.078795247
0.0032569924,0.006513053,-0.00038741097,0.014517314,0.091606752,0.084251783
0.0029739247,0.0069093549,-0.00028427323,0.0048106633,0.065451705,0.15425144
0.0015388093,0.0071167071,-3.4179115e-06,0.020005153,0.10435306,0.17205002
0.0015190831,0.0070707743,0.00017767214,0.02692918,0.078627595,0.20662672
0.0010333668,0.0070799147,0.00028624067,0.030012307,0.079498699,0.23528033
0.0014444448,0.007164894,0.00020384013,0.031319223,0.050151904,0.229197
0.0010965823,0.0071083686,0.00015406746,0.039808801,0.089082135,0.22496563
0.001435883,0.0071000528,0.00033758434,0.042132233,0.066601941,0.25426057
0.0010509999,0.0069530198,6.7440368e-05,0.040504081,0.097479328,0.21670487
0.00094057645,0.0069748045,-2.8277768e-05,0.030670687,0.08498097,0.23794935
0.0014146678,0.006410065,-0.00055237208,-0.0008242938,0.088498601,0.18066743
0.0020904437,0.0067435226,-8.2404089e-05,0.015323087,0.05704522,0.25993965
0.0015069468,0.0071894211,0.00026921447,0.027767946,0.080509848,0.25061745
0.0014389424,0.0073657182,0.00038497744,0.01486166,0.076846545,0.29851921
0.0011000327,0.0074310202,0.00041062904,0.029477607,0.10568202,0.24079107
0.0010883981,0.0074852806,0.00029606619,0.021036529,0.11335163,0.28462997
0.00071438103,0.0076855346,0.00017105706,0.024565939,0.096127666,0.19285386
0.0014027397,0.0076866113,0.00039782027,0.018709466,0.11138108,0.308117
0.00092708266,0.0073739076,0.00055624224,0.03171158,0.091545687,0.22832154
0.0013139567,0.0070665344,0.0005869952,0.04286787,0.13014725,0.20153372
0.0010166717,0.0071982554,0.00059926116,0.045132402,0.097752639,0.23582495
0.0012058229,0.0071829511,0.00074012879,0.053301952,0.11629245,0.24966568
0.00070137976,0.0075510466,0.0005106095,0.033828564,0.078788482,0.32949393
0.00080276481,0.0075434331,0.00062201514,0.04716131,0.10306812,0.2902695
0.00078544667,0.0077878484,0.00057427122,0.038380604,0.075878231,0.36185069
0.00024635582,0.0078813976,0.00055043431,0.038466315,0.091444158,0.29756538
0.00071320497,0.0078813933,0.00070442086,0.037953221,0.10937088,0.36560518
0.00028477759,0.0078915213,0.00069747285,0.039204968,0.086532841,0.29564425
0.00081559182,0.007830524,0.00077415966,0.042397544,0.10103771,0.33366988
0.00076338279,0.0074698853,0.0010432247,0.05874502,0.079578333,0.29547492
0.00093971347,0.0074671256,0.00097453849,0.062964649,0.11284307,0.28549812
0.00072427691,0.0074972201,0.00105158,0.053917701,0.085514907,0.31940825
0.00079598252,0.0076475416,0.0010009777,0.06040162,0.097539224,0.28670475
0.0010149586,0.0076552885,0.0010483498,0.052943676,0.10002245,0.34706381
0.00052971269,0.0079811889,0.00083764049,0.04712898,0.10452947,0.30501931
0.00052558556,0.0078350276,0.0010259332,0.052909498,0.10718771,0.35517199
0.00023081862,0.0079895751,0.00072007223,0.045887749,0.10211815,0.32141107
0.0005417719,0.0077508098,0.0012515454,0.063142901,0.083274497,0.34283969
0.0015168636,0.0074209763,0.00072564202,0.075605791,-0.015408028,0.3437605
0.0023182414,0.0072236823,-2.7037405e-05,0.068306474,0.017555343,0.23969293
0.0010361225,0.0078785461,0.00052669377,0.044094718,0.10775419,0.25034031
0.00088975439,0.0081245829,0.0009944846,0.05032133,0.13895033,0.1774961
0.00077673436,0.0082480231,0.0011332134,0.070076031,0.10796791,0.19060899
0.00055841106,0.0082900302,0.0011709876,0.080602116,0.12854865,0.17808969
0.00039263241,0.0085638485,0.0011515597,0.071118137,0.11758002,0.19600488
0.00022936693,0.0084933508,0.00088061677,0.074680725,0.1222844,0.20319079
0.00044933491,0.0086055469,0.00098351002,0.077517862,0.11455358,0.23795728
0.00023175484,0.0084396932,0.00097234142,0.080940258,0.09074448,0.24610223
0.00073874011,0.0085922853,0.0013015134,0.088322779,0.1048949,0.25973372
0.0012741469,0.0083773469,0.00094356334,0.073813819,0.01205354,0.30913634
0.011664226,0.0097755456,0.0028185166,0.1537849,0.0013807147,-0.042619358
0.011403381,0.0096832885,0.0039592597,0.13275964,0.061444581,-0.034903494
0.0082719927,0.0090866813,0.0037262926,0.13231666,0.097366264,0.110179
0.0064976461,0.0096175665,0.0032528982,0.12507989,0.12445496,0.12905105
0.0046461877,0.0097335592,0.0031055038,0.12170514,0.12066915,0.16533239
0.0045848737,0.0097234546,0.003217343,0.129262,0.13967052,0.21513678
0.0036796188,0.0095954295,0.0029060573,0.12978723,0.10207302,0.2216241
0.0038409729,0.0097884754,0.0030030636,0.1308426,0.13416769,0.21681411
0.0031503379,0.0098958528,0.0026803666,0.11382896,0.069797582,0.28030879
0.0033050042,0.0097788067,0.0028135301,0.13211132,0.10954553,0.19342879
0.0031342978,0.0097557622,0.0028473379,0.11987332,0.09729924,0.29040389
0.0025358468,0.0099944126,0.0028595437,0.11579429,0.092126475,0.29109271
0.0022179958,0.010069562,0.0028588623,0.11604991,0.10495086,0.34432201
0.0021139543,0.010389507,0.0030055763,0.12508019,0.10236446,0.31720042
0.0021272515,0.010269124,0.0031245495,0.12775649,0.10303329,0.37871746
0.002376968,0.010390566,0.0034220049,0.14583425,0.097696947,0.33510781
0.0042496273,0.011257175,0.0042434291,0.15734883,0.09817598,0.36081006
0.002951774,0.010709826,0.0033733888,0.14939325,0.10266793,0.30427393
0.0024081396,0.010830614,0.0033792045,0.14398394,0.1308671,0.37563992
0.0017373839,0.010807972,0.0030493773,0.14721739,0.091732227,0.34761986
0.0021570098,0.010812393,0.00339068,0.15440574,0.13056091,0.36062518
0.0019407185,0.010833553,0.0032455327,0.15530222,0.086288945,0.35310085
0.002000406,0.010926711,0.0034275453,0.15676649,0.13233967,0.36199973
0.0016906204,0.010871165,0.0032501305,0.14952582,0.086967278,0.40190406
0.0013838048,0.010842819,0.0032068476,0.15827728,0.12050098,0.36193246
0.001498478,0.010864674,0.0031791507,0.1466653,0.11853632,0.40961341
0.0011214726,0.010876403,0.0032162271,0.15379466,0.10598898,0.40925293
0.0017413711,0.010663906,0.0032069945,0.15039404,0.10921638,0.42394185
0.0011418757,0.0096902693,0.0018743067,0.11525156,0.021679907,0.5452933
0.0012611203,0.0096897056,0.0014470931,0.10956488,0.10126539,0.39433071
0.0012785983,0.010181731,0.0019438322,0.12057726,0.12303059,0.33386693
0.00092358932,0.010386869,0.0019043423,0.1110396,0.10272027,0.36945949
0.0011589885,0.010324287,0.0022162544,0.12943977,0.1234096,0.38474344
0.0005274619,0.010599938,0.0018629599,0.11505573,0.099369436,0.39082105
0.00060900042,0.01042222,0.0021496774,0.12944084,0.1306504,0.39435712
0.00041938645,0.01057459,0.0018532282,0.11757398,0.11148799,0.40195972
0.00065007443,0.010535389,0.002142068,0.12136098,0.1349444,0.41811537
0.00029612292,0.010531011,0.0018012904,0.10623046,0.094837256,0.46150156
0.00062248335,0.01047629,0.0020454144,0.11804368,0.13757364,0.41520294
0.0004429303,0.010642587,0.001795487,0.11129944,0.096489861,0.48162904
0.00051570637,0.010696316,0.0019431514,0.11643406,0.097419777,0.45178031
0.00074578195,0.010695296,0.0019239858,0.11199318,0.069151655,0.50688457
0.00074568831,0.010738419,0.0019255109,0.11906026,0.082292687,0.48142628
0.0007733069,0.010845803,0.0019042672,0.1147655,0.078967052,0.50004932
0.00063924513,0.01081242,0.0020887354,0.12650202,0.088075156,0.47702247
0.00064743733,0.010761468,0.0020055509,0.12541537,0.090375192,0.48601458
0.00045964263,0.010740115,0.002102857,0.12752749,0.076573245,0.46498583
0.00089766699,0.010265334,0.0016319288,0.11364725,0.086776043,0.38632617
0.0011938333,0.010247161,0.0013858059,0.099066622,0.10036646,0.39614459
0.00099142116,0.010679888,0.0017582299,0.10586613,0.07043369,0.41681322
0.0011558027,0.010667831,0.0019771931,0.11370214,0.10123197,0.43649349
0.0011215719,0.010820761,0.0020069458,0.11283845,0.07143344,0.47871112
0.00092680193,0.01095451,0.0020066812,0.11203351,0.092361018,0.44585668
0.00089323028,0.010952026,0.0020337371,0.11137769,0.079786151,0.46314689
0.00072197614,0.011007441,0.0020296289,0.11512821,0.098627747,0.41572105
0.0010725506,0.010944689,0.0019419344,0.11144953,0.071197661,0.46919231
0.00099936024,0.011023288,0.0016742115,0.10706125,0.0054147918,0.51378599
0.0018773507,0.01107458,0.0017207895,0.094631664,0.091380307,0.39496204
0.0019034197,0.011078993,0.0015616273,0.07408815,0.092806101,0.35880953
0.0013396327,0.011451355,0.0017254316,0.092110183,0.092555432,0.37867475
0.0015889018,0.011286518,0.0015744826,0.09670109,0.10124566,0.41144471
0.0013358787,0.011426545,0.0014872302,0.099041727,0.079052278,0.42137369
0.0015988382,0.011241905,0.0016870262,0.10060405,0.090872876,0.44113341
0.0014223812,0.011380469,0.0015590348,0.10162908,0.069890526,0.46103115
0.0017949456,0.011179823,0.0013246023,0.096903071,0.084508734,0.4600146
0.0014519209,0.0112909,0.0014251236,0.096013687,0.059237579,0.49023811
0.0018174562,0.011196732,0.0016837744,0.10854071,0.072099365,0.48620527
0.0013581081,0.011232176,0.0015832144,0.10532079,0.050138969,0.5220161
0.0018073244,0.01107629,0.0017636435,0.11154426,0.068390745,0.47831814
0.0017488309,0.011155658,0.0018342766,0.11562018,0.027582747,0.54357291
0.0020960131,0.011124936,0.0019433188,0.12740027,0.044764422,0.50497109
0.0022384541,0.010977296,0.0019470778,0.1317885,0.036684797,0.56234934
0.002299964,0.010878987,0.0019688351,0.13418541,0.047449776,0.54036332
0.002126465,0.010785095,0.0018402677,0.13242903,0.04112218,0.59192631
0.001970325,0.010799009,0.0018419033,0.1395057,0.053889711,0.53911839
0.001807239,0.010734567,0.0018323895,0.1300821,0.041369207,0.59091365
0.0016570447,0.010689715,0.0018494514,0.13165393,0.069421197,0.50743145
0.0021262214,0.010508927,0.0019191143,0.13003452,0.074819602,0.57038715
0.0015358867,0.01068434,0.0017270641,0.12916067,0.052691768,0.52523971
0.0023558352,0.010450628,0.0018915255,0.13966396,0.075983006,0.57365114
0.0017725196,0.01056463,0.0016806122,0.13515632,0.040794322,0.5483682
0.0022213336,0.010606574,0.0018511118,0.13996451,0.093825745,0.53565504
0.0016671642,0.010738097,0.0016023106,0.12950277,0.052073664,0.56311438
0.0021062489,0.010646161,0.0016726899,0.13479972,0.090160205,0.5435072
0.0017206952,0.010819896,0.0015037606,0.12843918,0.063530764,0.55486056
0.0021221186,0.010519532,0.0015333789,0.12824642,0.088495302,0.52436089
0.001631735,0.010601168,0.0013191664,0.12474953,0.082150201,0.45814295
0.001959426,0.010665812,0.0016511487,0.12955832,0.098046907,0.47232001
0.0015901454,0.010662883,0.0016780165,0.12533744,0.058596967,0.5282407
0.001620444,0.010742067,0.0017305028,0.13094674,0.086019932,0.49744031
0.0015035236,0.010785181,0.0016718883,0.12386399,0.06875415,0.54988511
0.00151123,0.010834178,0.00165286,0.12764027,0.069374385,0.52168619
0.0017275466,0.010748755,0.0017313103,0.13092539,0.057037868,0.53418158
0.0015582153,0.010881277,0.0016489119,0.13184964,0.078501801,0.49979248
0.0015764248,0.010891042,0.0017954896,0.1238331,0.051800019,0.53696111
0.0016095109,0.010729839,0.0017105455,0.12753924,0.064254657,0.51597693
0.0017928282,0.01071712,0.0017978694,0.13503723,0.07486381,0.51660447
0.0023215927,0.010326452,0.0011259621,0.13972418,-0.031457798,0.58478012
0.0024298098,0.010633338,0.00058333824,0.13293831,0.0055605592,0.55426239
0.002257438,0.010953634,0.00072406803,0.13158405,0.065505536,0.52342635
0.0022825413,0.010954704,0.00066981179,0.12953121,0.063835597,0.51795973
0.0020884172,0.011056339,0.00070150135,0.13090792,0.079208788,0.46000804
0.0023559534,0.010929726,0.00082233662,0.13565294,0.10633656,0.41534149
0.0020048369,0.011073016,0.00074257811,0.12560429,0.075264189,0.44640976
0.0022927398,0.010682563,0.00087404769,0.12728449,0.10950532,0.44881864
0.0019301464,0.010934854,0.00081299753,0.12346715,0.053877789,0.47829726
0.0020808722,0.010790503,0.00085772243,0.12461974,0.089371219,0.45827843
0.0019039406,0.010760438,0.00071456833,0.11973451,0.052874595,0.51245777
0.0018581609,0.010872994,0.00067329336,0.12414043,0.083431367,0.48790391
0.0017893026,0.010912759,0.0007664828,0.11844401,0.063099524,0.52662406
0.0020740501,0.010872785,0.00083293228,0.12211637,0.084095509,0.50621945
0.0018821301,0.010987236,0.00077628763,0.12238641,0.062321269,0.52092744
0.0020341019,0.010913611,0.0008774284,0.13034945,0.080017905,0.49222139
0.0018682285,0.010945288,0.0008289211,0.1221899,0.045454166,0.5396431
0.0016301517,0.01090308,0.00079486642,0.13002023,0.069905886,0.50181976
0.0020085895,0.010706893,0.0009039067,0.12789036,0.06820079,0.53427201
0.0016515271,0.010462269,0.0010088834,0.13911212,0.028122251,0.55927335
0.0017345118,0.010710844,0.00097254269,0.13807578,0.065401973,0.56923266
0.0020106136,0.010717068,0.0010643344,0.13841678,0.068723644,0.5394539
0.0017899462,0.010903276,0.00094044531,0.12358503,0.043839104,0.56647105
0.0020931074,0.010885282,0.00094953197,0.12893847,0.077693348,0.53444787
0.0019978019,0.010913997,0.001017426,0.12251365,0.050910349,0.56386886
0.0021789749,0.010931273,0.00091452913,0.11735012,0.062457943,0.53468411
0.0024863209,0.010714551,0.0010417655,0.12628947,0.050562168,0.57495773
0.0019389437,0.010773334,0.0007309241,0.12269924,0.037239624,0.58107917
0.0025264103,0.010366171,0.0008318714,0.13489736,0.068892315,0.55262766
0.0021313946,0.010874299,0.00075364831,0.11636775,0.028149069,0.58676021
0.0023089957,0.010945849,0.00084152852,0.11810867,0.059514749,0.56182199
0.0021074544,0.011070541,0.00069890863,0.10844078,0.0336668,0.58785211
0.0023397579,0.011065125,0.00078824729,0.1130417,0.061054772,0.53842258
0.0021984055,0.011230689,0.00067787787,0.10176993,0.04715701,0.59414612
0.0020093286,0.011190596,0.00075635764,0.11394407,0.067093964,0.53011553
0.0026260341,0.010859261,0.00065699779,0.09581348,0.057552087,0.60113554
0.0027583514,0.0098607293,-0.00090680867,0.045174907,0.043311411,0.48779787
0.0031132774,0.0098072124,-0.00029350754,0.078812877,0.081607524,0.40431512
0.0027054148,0.010448005,-5.0853136e-05,0.080384448,0.038582524,0.49646249
0.0027320685,0.010582396,0.00027044441,0.094550101,0.066349895,0.47378221
0.0027678881,0.010789573,0.00027884705,0.087323506,0.028507638,0.52884245
0.0029236862,0.010811168,0.00034776619,0.098125908,0.063156957,0.47923602
0.0027421666,0.011022073,0.00041607851,0.091830605,0.040117576,0.53489024
0.0028171925,0.010894532,0.00050374484,0.10404559,0.06025913,0.48464989
0.0028642267,0.010910908,0.00048060299,0.09701926,0.048144749,0.5331015
0.0026337104,0.011130494,0.00045287517,0.089673789,0.045424823,0.48132593
0.0033068354,0.010709605,0.00080723163,0.0990897,0.057400241,0.55005201
0.0030433095,0.010973873,0.00044123249,0.087341846,0.023915355,0.52377252
0.003436082,0.01105622,0.00070713492,0.086651887,0.044267514,0.54500905
0.0032409749,0.011209432,0.00059061673,0.079956524,0.013737471,0.55588593
0.0037383576,0.011128891,0.00083794078,0.093263721,0.040849487,0.55569701
0.0031995489,0.011445371,0.00059973935,0.082697528,0.0081413263,0.5409361
0.0036398557,0.011228944,0.0009915909,0.096568961,0.041002462,0.52183537
0.0031059927,0.01145997,0.00066619578,0.082831194,0.021770566,0.54592996
0.003435376,0.011316942,0.00092338546,0.092409521,0.047085636,0.52896637
0.0031471414,0.011275704,0.00069540875,0.091088541,0.0095823461,0.54184904
0.0039275858,0.011202842,0.0010414535,0.10439232,0.037763466,0.52934785
0.0037682266,0.011158229,0.00073980741,0.094455216,0.01148665,0.5457302
0.0041493522,0.011255578,0.0011225284,0.10743678,0.033897967,0.52442256
0.0041788503,0.011222821,0.0010469944,0.10165584,0.0012016212,0.58200695
0.004287759,0.01127742,0.0013597845,0.11537712,0.036329761,0.53135251
0.0042231585,0.011281472,0.0011765356,0.10739846,0.00092508317,0.56762219
0.0041879318,0.011460817,0.0010826736,0.10460737,0.026637696,0.51098042
0.0039682321,0.011230892,0.0011292254,0.10652682,-0.0068492481,0.59176079
0.0040585198,0.011329088,0.0010118751,0.10988403,-0.020868109,0.5518678
0.0049405414,0.010747747,0.00058620552,0.084623325,0.047963309,0.50294485
0.0056457429,0.010374807,0.00011250975,0.07082672,0.0070396073,0.73025771
0.004801797,0.010796405,0.00053415479,0.10031806,0.013676236,0.69216865
0.0049283831,0.010883216,0.00050026335,0.098900917,0.043513899,0.68926332
0.0045709342,0.010993954,0.00062732685,0.10151258,0.024670504,0.71222528
0.0049167083,0.010997853,0.00071659177,0.10378417,0.048137472,0.69276136
0.004881546,0.01110091,0.00075846608,0.10360996,0.038182203,0.7325281
0.0048850154,0.011127163,0.00077974681,0.10765928,0.049602137,0.71291191
0.0048291836,0.010940079,0.00085617306,0.11688522,0.04826185,0.74673004
0.0046391121,0.011052342,0.0006377105,0.10985492,0.059426131,0.72065224
0.0048487737,0.010779932,0.00072217515,0.11863874,0.020684261,0.77218166
0.0046677841,0.010436379,0.00058129696,0.15225019,-0.027180932,0.7351887
0.0050060669,0.011040429,0.00047741517,0.12670774,0.038018641,0.72340663
0.0050185861,0.011517628,0.00048214844,0.11190951,0.055048465,0.72171526
0.0051461858,0.011449265,0.00054187509,0.1140419,0.053234311,0.67347249
0.0050460626,0.011536109,0.00062259171,0.11357148,0.04140285,0.68396196
0.0054199269,0.011459426,0.001013353,0.11965278,0.063326754,0.67772529
0.00521015,0.011596784,0.0010306404,0.11458324,0.022872675,0.66570357
0.0052160632,0.011693043,0.00079724098,0.10106324,0.057163192,0.63997315
0.0051984311,0.011345045,0.00063534795,0.099633018,0.03000318,0.67079683
0.0055519835,0.011583404,0.00082552988,0.096468253,0.047471292,0.63945434
0.0056543286,0.011593094,0.00084280647,0.095867905,0.028728348,0.67376023
0.0052070044,0.011875644,0.00078101085,0.095228349,0.017930496,0.60132993
0.0062247609,0.011580732,0.0013472318,0.10334216,0.033858135,0.63322991
0.0088963365,0.010851079,0.001130914,0.098797215,-0.0050313521,0.53162202
0.0073514155,0.010221242,-0.00018638996,0.064139578,0.058027303,0.34749259
0.0068838667,0.010455177,-4.8458692e-06,0.060406895,0.039185874,0.41730311
0.006563578,0.010991399,3.4257773e-05,0.069860388,0.061660505,0.37767879
0.0069341444,0.010911419,0.00025484997,0.066527626,0.074888453,0.4117619
0.0070980794,0.011079559,0.00028136153,0.059322137,0.037112986,0.45835327
0,0,-1.7347235e-18,0,0,0
-0.00024431991,0.00038013484,-0.00016363595,-0.020234566,0.017447843,-0.019608125
-4.7159544e-05,0.00054270788,0.00011937916,-0.030211634,0.058074999,-0.013222909
-0.00022843762,0.00053766188,4.9348291e-05,-0.024345534,0.06730862,-0.052979897
-0.00017635762,0.00039764064,0.0001083341,-0.023575724,0.063569098,-0.040506384
-0.0002897055,0.00069165728,9.6154944e-05,-0.024723895,0.028058292,-0.044429269
0.0002369051,0.0011051226,0.00045950778,-0.022839754,0.076171248,-0.11807694
-0.00023139126,0.001242014,0.00020750258,-0.038040825,0.026746009,-0.045657617
0.0018280461,0.0014186682,0.00033216156,-0.028777404,0.051587667,-0.1125468
0.011175895,0.0019203629,0.0016367471,0.01789813,0.0051204207,-0.24133963
0.0081148633,0.0015444619,0.0016654874,-0.0068370508,0.0092976489,-0.15590164
0.0067591826,0.0015779095,0.0014938363,-0.0035781748,0.045644357,-0.11000794
0.0062731019,0.0016730042,0.0013214929,-0.01038102,0.039213686,-0.087347995
0.0059905741,0.0020523909,0.0012419067,-0.015528166,0.020758152,-0.080808414
0.0058338033,0.0022048411,0.00125374,-0.018417158,0.045118218,-0.081643264
0.0056771861,0.0023014656,0.0013009614,-0.026393974,0.017574917,-0.00029405402
0.0050373983,0.0025670122,0.00136723,-0.023900988,0.0042072336,-0.057915935
0.0044866273,0.0024618535,0.0013440018,-0.030321559,0.059073753,-0.04992002
0.0040136903,0.002598565,0.0013134714,-0.038408612,0.0068477305,-0.01045541
0.0038225919,0.0029217532,0.0014941716,-0.033740204,0.040274459,-0.071830645
0.003659044,0.0027545565,0.0014827544,-0.040530441,0.041927951,-0.051014848
0.0029159615,0.0033464326,0.0014665031,-0.046797956,0.0035824925,-0.025625186
0.0035902444,0.0027439692,0.0018905057,-0.030213017,0.047629229,-0.084142056
0.0034414782,0.0029118915,0.002537721,-0.0094968245,-0.029339601,0.032554482
0.0032955588,0.0036818307,0.0023733905,-0.031013398,0.024574172,0.009326738
0.0032910382,0.0031477055,0.0022619298,-0.035029961,0.0019047142,0.10315211
0.0027732048,0.0035801273,0.00213019,-0.034037095,0.017039575,0.034669179
0.0025494465,0.0030692903,0.0021617207,-0.03094541,0.034367962,0.1144307
0.0019035101,0.003022003,0.0018111231,-0.032489941,0.0032219844,0.1351689
0.0021474835,0.0028211574,0.0016039514,-0.041671633,0.028611867,0.15335846
0.0014731817,0.0032296353,0.0018013942,-0.027765126,-0.019090323,0.22028192
0.0015868029,0.0030572468,0.0018688706,-0.022288784,0.028881582,0.21156667
0.0010308385,0.0031594711,0.0018435889,-0.02334306,0.010602839,0.29758444
0.00061287058,0.0032267437,0.0019782538,-0.017976795,0.0073362432,0.27496835
0.00059175405,0.0030530291,0.0020566147,-0.013491798,0.036938014,0.30658538
8.6606433e-05,0.0030647979,0.0019068456,-0.017906529,-0.016301755,0.37418508
-0.00038043978,0.003116814,0.001856152,-0.015456621,0.029512224,0.2884835
-9.7995257e-05,0.0027945695,0.0017504299,-0.016265585,0.038581755,0.32880011
-0.00042931338,0.0029656512,0.0018062991,-0.017017249,8.7750921e-05,0.37284188
-0.00031386696,0.0027257688,0.0019506824,-0.013175739,0.019362296,0.39237104
-0.00045272324,0.0026001764,0.0020608401,-0.0098544889,0.013618663,0.51204519
-0.001226006,0.0026712349,0.0019867763,-0.0077773386,-0.0034608558,0.53726317
-0.0011231956,0.0026735885,0.002041656,-0.0043703533,0.018847432,0.53294353
-0.0016501156,0.0027450258,0.002005073,-0.0057479338,0.030489805,0.56305599
-0.0021850225,0.0027508135,0.0020079645,-0.010434619,0.0084485483,0.5601983
-0.0020059997,0.0026829853,0.001983516,-0.0052164605,0.032671308,0.55245677
-0.0017782412,0.0026015372,0.0018838625,-0.013932391,-0.00088867423,0.64161688
-0.0013885145,0.0025682095,0.001980154,-0.022982428,0.0056712371,0.66829017
-0.00068397672,0.0021949025,0.0016332458,-0.0098285586,-0.040443089,0.74392563
-0.0012288808,0.00201198,0.00045838582,-0.01858382,-0.020350552,0.68120743
-0.0013188,0.0028540334,0.0011796862,-0.058234967,0.034870726,0.72767355
-0.0019292101,0.0027393767,0.0017043901,-0.037597883,0.040879949,0.68359301
-0.002625594,0.0027853319,0.0019834793,-0.020049714,0.056458959,0.60211504
-0.0022900615,0.0026145565,0.0019665287,-0.013076534,0.020418432,0.64329772
-0.0021972267,0.0023975633,0.0021194344,-0.0019678316,0.041842046,0.6575216
-0.0022636924,0.0026260998,0.0019199851,-0.013931915,0.0096879127,0.69808075
-0.0019849985,0.0021605614,0.0022012076,0.0076370941,0.019016786,0.76285499
-0.0021594878,0.0020152764,0.0020320898,0.0062415418,-0.0056126026,0.81365613
-0.0024887454,0.0021279266,0.002244455,0.007414127,0.0080907802,0.809301
-0.0026749838,0.0019605228,0.002275878,0.017000399,0.015794451,0.82760383
-0.002890337,0.0020048363,0.0022510813,0.016169103,0.013257102,0.8080499
-0.0030654627,0.0020842702,0.0021764932,0.0073429308,0.0057019847,0.80461809
-0.0029824147,0.0020010852,0.0023062687,0.010874677,0.026789769,0.80586829
-0.003460684,0.0022822992,0.0020516702,0.0018182494,-0.0050021692,0.80240347
-0.0033651267,0.0022568495,0.0023161067,0.0018376925,0.036053421,0.78051555
-0.0034116428,0.0023037503,0.0021985984,-0.00031330356,-0.010875502,0.81503917
-0.0031684501,0.0022585799,0.0023583546,0.0021954226,0.027035459,0.77708454
-0.0029628804,0.0022038218,0.0021260792,-0.0061717581,-0.023587329,0.84716442
-0.0029146228,0.002333717,0.0021567443,0.0041698017,0.0095175543,0.7577431
-0.0027277784,0.0023606064,0.0022547564,-0.0040740146,-0.0048675271,0.87344395
-0.0031732829,0.0025495917,0.0023076404,0.0079523905,-0.0042168756,0.80729152
-0.0027833035,0.0024874824,0.0024447525,0.0066176483,0.0099375051,0.86102229
-0.0031054168,0.0025459493,0.0025618573,0.0088245692,-0.0031563236,0.83268752
-0.0027605936,0.0023642985,0.0026793442,0.0058007549,0.0024510157,0.898941
-0.0036512798,0.0024481423,0.0023665778,0.0036261726,-0.0031904403,0.88785633
-0.0033271548,0.0023611981,0.0025649655,-0.00056653262,0.0092648872,0.95332468
-0.0034409981,0.0023723323,0.0025136991,0.0079201749,-0.017645367,0.97019805
-0.0033730588,0.0024883684,0.0025383127,0.0099199284,-0.0030587567,0.99450842
-0.0038294247,0.0023611848,0.0026025128,0.010476745,-0.01024822,0.99947281
-0.0034294569,0.0022372638,0.0026998859,0.014529123,0.0067680645,1.0008904
-0.0037163348,0.0023559212,0.0026006238,0.0051714889,-0.0059179578,1.0406551
-0.0035005177,0.0023048373,0.002595859,0.0043710682,0.0024071174,1.0548308
-0.0035822842,0.0023845084,0.0025419857,0.0010243933,-0.0048859536,1.0609384
-0.0033663454,0.0023925297,0.002620734,0.0053151511,0.0064917444,1.0612067
-0.0037501918,0.0025786737,0.0025184525,-0.0012813403,-0.0086788143,1.0828672
-0.0033969323,0.0025609266,0.0024752178,-0.0057732894,-0.0018572793,1.1128666
-0.0036616532,0.0025151177,0.0025315796,-0.0027990555,-0.013179721,1.1422561
-0.0035555847,0.0025510916,0.0025760536,-0.0031218487,-0.016212637,1.1477645
-0.0032783939,0.0026245169,0.0027799538,0.0039093338,-0.010360579,1.173109
-0.0030709279,0.0024368593,0.0030290668,0.0081629149,-0.025851657,1.2141337
-0.0032688769,0.0026010883,0.0030687112,0.0099089817,-0.017479046,1.2153183
-0.0030797705,0.0024530745,0.0030955219,0.017269954,-0.010558929,1.2164987
-0.0034888934,0.0025889646,0.0031964263,0.015133983,-0.0045259342,1.2109098
-0.0034399506,0.0023449152,0.003136978,0.014633192,-0.0054819477,1.1984883
-0.004079504,0.0027959302,0.002745576,4.6471556e-05,0.0018928848,1.1844944
-0.00299562,0.0022117372,0.0029884205,0.018400667,-0.025163337,1.2233637
-0.0033749857,0.0019654724,0.002081024,-0.00061067269,-0.058339045,1.283022
-0.0033120325,0.0025198355,0.0023344601,-0.013006,0.051561943,1.1291296
-0.0031255877,0.0022133849,0.0028979402,0.00067385559,0.029193429,1.1742591
-0.0032312619,0.0022769355,0.0028576604,-0.0033657304,0.019888831,1.1890464
-0.0030659285,0.0022100736,0.0028986887,0.0064208528,0.033108657,1.190106
-0.0031456559,0.0022185741,0.0028738099,-0.0036515776,0.016930417,1.2227211
-0.0031067549,0.0021698423,0.002931085,0.005209203,0.03042256,1.199489
-0.0032339588,0.0022329027,0.0028217327,0.0013902711,0.033265092,1.2457812
-0.0036542797,0.002196733,0.0029036456,0.0027689622,0.018075467,1.2308113
-0.0026568652,0.0019084752,0.0028925276,0.013330866,0.012130882,1.3037205
-0.0031411379,0.0017386048,0.0027426893,0.011636449,-0.023124535,1.3592669
-0.002692291,0.0018385564,0.0030106239,0.01215902,0.019550555,1.2734275
-0.0026860801,0.0018100662,0.0029293421,0.0091925709,-0.0089868382,1.3372279
-0.0026815093,0.0018536368,0.0029654714,0.0062000056,-0.0017919633,1.3211747
-0.0025443123,0.0016910861,0.0030469488,0.0098180899,0.0021771677,1.3623087
-0.0030948577,0.0017707362,0.0029080798,0.0041858055,0.0034177103,1.3382712
-0.0028523459,0.0016640749,0.0031495497,0.012809611,0.011850033,1.3428411
-0.0026815146,0.0015750504,0.0030104447,0.0023906913,-0.010763096,1.3844603
-0.0030212991,0.0017463318,0.0026073198,-0.00045743412,-0.0093520881,1.3301567
-0.0023455877,0.0016205289,0.0029192407,-0.0077025604,-0.0002335451,1.4038174
-0.0024348479,0.0010937128,0.0026977524,0.013133119,-0.053915706,1.4542667
-0.0031551566,0.0017816977,0.0023019517,-0.020774565,0.0023293076,1.4496118
-0.0026071492,0.0019942456,0.0028511567,-0.019848012,0.017218772,1.4489598
-0.0026708943,0.0019879631,0.0028342058,-0.01686152,0.023202517,1.4199327
-0.0027053201,0.0021353616,0.0030534575,-0.017041565,0.019932742,1.3917873
-0.0024730342,0.0020907978,0.0031169696,-0.013060899,0.03913931,1.3679193
-0.00241239,0.0020826561,0.0029634827,-0.014922163,0.0088574906,1.3832623
-0.0024370257,0.0022186757,0.0030425928,-0.02361332,0.030372913,1.378954
-0.0014117114,0.001894827,0.002879005,-0.0099094901,-0.04619134,1.4907867
-0.0008993463,0.0026231028,0.0019886854,-0.061861158,-0.0061181289,1.3936885
-0.0011085968,0.0026395363,0.0026020118,-0.048150704,0.025753,1.3814589
-0.0012895877,0.0025957067,0.0026016513,-0.044927596,-0.014923193,1.4722215
-0.0015160937,0.0026792647,0.0025610627,-0.044509236,-0.0034930371,1.4718099
-0.0012850949,0.0025600434,0.0026501844,-0.037095517,0.0060981291,1.4929208
-0.0015449846,0.002617993,0.0026689848,-0.03639095,0.002332712,1.45501
-0.0019079582,0.0027980054,0.0026735586,-0.028426261,0.027787075,1.4364505
-0.0024110658,0.0025874201,0.0025550854,-0.028365547,0.0025183799,1.4590673
-0.0020683824,0.0026082179,0.002512578,-0.027017322,0.030245768,1.4464281
-0.00040245286,0.0021115589,0.002337367,0.0016403915,-0.021887707,1.4529583
-0.00057947081,0.0017518655,0.0018933523,0.0085813689,0.0015282847,1.410406
-0.00089685805,0.0025447486,0.0021324683,-0.037502922,0.046265219,1.4342332
-0.00055485618,0.0021607701,0.0026024692,-0.013642636,0.041647321,1.3641989
-0.00086219745,0.0025429049,0.0025222299,-0.026349872,0.013494107,1.4475034
-0.00021799901,0.0022294965,0.0028002543,-0.0080359519,0.034016688,1.4204252
-0.0007598251,0.0025519459,0.0026121895,-0.028276811,0.022374384,1.4520409
-0.0012193497,0.0024189072,0.0025791741,-0.024347903,0.029716236,1.3924234
-0.0010145535,0.0025612408,0.0024581201,-0.032395981,0.023667273,1.4650827
-0.00062680595,0.0025432672,0.0024024014,-0.027099037,-0.021836455,1.5042399
-0.00032377787,0.0028878055,0.0024483279,-0.037086255,0.0085410228,1.5249753
5.3146203e-05,0.0030111303,0.0027771109,-0.038197304,0.017080464,1.5426713
-0.00029241144,0.003166209,0.0026721912,-0.047509571,0.0032469232,1.5678051
-2.5042625e-05,0.0033362491,0.0028384208,-0.047330815,0.016635838,1.5491157
0.00061393175,0.0035996733,0.0029546255,-0.053575689,0.0058727933,1.5729369
-0.00010203771,0.0037543629,0.0029752155,-0.044098231,0.022451115,1.4678342
5.5777809e-05,0.0034848144,0.0030365393,-0.039361759,0.046267594,1.4354894
-0.00045152728,0.0037094912,0.0029125625,-0.045727229,0.020364115,1.4319549
0.00017335994,0.003381633,0.003120089,-0.036404606,0.044004467,1.4652533
0.0012446409,0.0031330129,0.0026536374,-0.019646303,0.027630593,1.3195631
0.00041089399,0.0034568886,0.0025409598,-0.024408589,0.054053293,1.2627246
0.0011589258,0.0032641951,0.0031238204,-0.027980627,0.020733978,1.4821952
0.00036244472,0.0035126742,0.0029147354,-0.026310695,0.012637305,1.4493219
0.00094968342,0.0033921082,0.0031663052,-0.022816967,-0.0057797261,1.5005149
0.00069613694,0.0035725558,0.0029536322,-0.024269907,-0.020405517,1.5273594
0.0012803888,0.0035691362,0.0033810256,-0.026874789,0.020956579,1.5126917
0.0015649308,0.0034576592,0.0032715311,-0.02700401,-0.031705939,1.6311078
0.0016765448,0.003682521,0.0031975626,-0.01741391,5.642606e-05,1.5764264
0.001705264,0.0035785167,0.0035087913,-0.033564885,0.01838175,1.6062456
0.0016483446,0.0037601946,0.0033877694,-0.032508169,-0.033068993,1.6463417
0.0017450649,0.0036280108,0.0035959135,-0.022595007,0.015687956,1.5502602
0.0013944041,0.003714546,0.0034127426,-0.031056151,0.016280223,1.6028835
0.0018104515,0.0036123318,0.0035062505,-0.018265222,0.012775498,1.6285949
0.0020392329,0.0034790249,0.0034103225,-0.017337144,0.013002163,1.6777724
0.0016071419,0.0036487911,0.0034069193,-0.019200283,0.0093965939,1.6596433
0.002051689,0.0034016454,0.0035849283,-0.0066049726,0.028387046,1.6821064
0.0013461991,0.003686777,0.0033729807,-0.01802148,0.0033549701,1.7182319
0.0022100843,0.0033991164,0.0034207922,-0.0015907046,0.037740716,1.6210809
0.0040496269,0.002786132,0.0033284973,0.021976837,-0.01739151,1.5862073
0.0029556264,0.0032434172,0.0030200788,-0.011318295,0.031962614,1.5813998
0.0029297439,0.0034612125,0.003420709,-0.015911355,0.042035369,1.593226
0.0025878563,0.0035381048,0.0031842698,-0.011746018,0.014482815,1.6426777
0.0028257313,0.0031745859,0.0035976754,0.010072806,0.035347273,1.6074061
0.0025634451,0.0032096729,0.0034975219,0.0015325886,0.036698481,1.5991343
0.0019109494,0.0036402464,0.0035133705,-0.0060346889,0.048814679,1.503195
0.0019654985,0.0033431882,0.0035670339,1.5204047e-07,0.053585893,1.5095583
0.0018791034,0.0036533168,0.0030861913,-0.024581959,0.023742907,1.4988907
0.0023321401,0.0033357218,0.0031597668,-0.010658688,0.074640468,1.4355911
0.0023031543,0.0035501741,0.003093974,-0.02713118,0.010560486,1.5658127
0.0028003976,0.0034304821,0.0031826445,-0.019538647,0.018964892,1.5983472
0.0030880353,0.0033509238,0.0033260886,-0.016553794,-0.014736231,1.7023892
0.0032051771,0.0032341636,0.0034364446,-0.0016052528,-0.0035720421,1.6498291
0.0024158178,0.0032378817,0.0029770386,-0.017984143,-0.010870967,1.6911001
0.0014244151,0.0033515937,0.002794666,-0.024172345,0.0074178288,1.6394659
0.0018861166,0.0036940737,0.002976728,-0.043157645,0.048681631,1.58094
0.0014589893,0.0034825669,0.0028179272,-0.032006296,0.032639696,1.5782428
0.0013160355,0.0035697626,0.0027134789,-0.044145083,0.033757388,1.5896688
0.0018989163,0.0033287955,0.0027512198,-0.038410991,0.067531645,1.5251655
0.0018380194,0.0035649689,0.002676612,-0.049461576,0.020638488,1.6104095
0.0022359504,0.0036579895,0.002853313,-0.048752648,0.038598863,1.6485688
0.002725642,0.0037030625,0.0030456376,-0.052390381,-0.0061128327,1.7318859
0.0026092925,0.0036643165,0.0029940218,-0.043246042,-0.0052064865,1.7543272
0.0026869525,0.0035616847,0.0031418362,-0.037946886,-0.0040599449,1.7544468
0.0023429547,0.00389794,0.0030463416,-0.051293192,-0.013534344,1.7913476
0.0020556555,0.0039366971,0.0034113565,-0.040611811,0.014405818,1.7370847
0.0015164627,0.0040503026,0.0028028721,-0.05638908,-0.0089969132,1.7218568
0.0010664352,0.0034882726,0.0029772273,-0.034139659,0.065844465,1.5208115
0.0017650182,0.0029034904,0.0028410959,-0.032703156,0.030691146,1.5631006
0.0018152061,0.0035374161,0.0024566308,-0.059893915,0.01678198,1.6464961
0.0020768737,0.0033473086,0.0028311091,-0.041663624,0.029859464,1.6325812
0.0024609793,0.0036489893,0.0028392403,-0.053896653,-0.0070503674,1.7029693
0.0026581911,0.0035373025,0.0029729949,-0.040992584,0.021338855,1.7157995
0.002708891,0.003875684,0.0029562357,-0.058547937,-0.0098008943,1.8043272
0.0028339021,0.0036876567,0.0031431047,-0.044175351,-8.6490295e-05,1.7912392
0.0028087978,0.0035970413,0.0032175461,-0.037183761,-0.0070890901,1.8644461
0.0021840427,0.003197536,0.0025705603,-0.037157714,-0.052358084,1.8497352
0.0022565572,0.0035442234,0.0023038384,-0.077679959,-0.011682829,1.821325
0.0022286055,0.0035631419,0.0030737846,-0.056208759,0.04416157,1.7451165
0.0028103661,0.003441713,0.0031157166,-0.05959476,0.0050326548,1.8293956
0.0029753267,0.0035034702,0.0030175339,-0.063214298,-0.016106144,1.9226491
0.0029677896,0.0034174841,0.0031505665,-0.05620981,-0.0058551517,1.9151533
0.0028285487,0.0035663712,0.0031304405,-0.041298298,-0.013919536,1.9329358
0.0031924446,0.0035652336,0.0030733139,-0.035395367,-0.018534698,1.9726937
0.0014450181,0.0036706468,0.0031217862,-0.01968504,-0.012291606,2.0167271
0.00014546804,0.0036001751,0.0032487567,-0.0060413013,-0.022419568,2.056812
-0.00071373259,0.0039679356,0.003307274,4.6072942e-05,0.016688961,2.0260632
-0.00076177729,0.0041496288,0.0032730301,-0.020053286,-0.0067749961,2.0553977
-0.00011029461,0.004191858,0.0028920094,-0.025989528,0.038730412,1.9736836
0.00028941972,0.0041449532,0.0028466712,-0.035386778,0.021220098,2.0342763
0.00059955127,0.0043734175,0.0028202615,-0.039061254,0.015027684,2.0266873
0.00085842634,0.0044475718,0.0027136327,-0.044443424,0.015099327,2.0639338
0.00086410299,0.0047152017,0.0028138932,-0.045905377,0.0022507878,2.0444802
0.00073266283,0.0047133757,0.0027501383,-0.060962322,0.014546205,2.055876
0.0014794205,0.0042865465,0.0034193147,-0.014105925,0.0080978844,1.9791592
0.0013238241,0.0043512259,0.0036239583,-0.016422509,0.030817971,1.9494572
0.00037074998,0.0046593606,0.0031450325,-0.046925908,0.011397287,2.0001999
7.6674491e-05,0.0047776759,0.0034090249,-0.039802714,0.037885836,1.9563134
-0.00035010648,0.0050948669,0.0032367458,-0.063526741,-0.0060585915,2.0499167
-0.00020881956,0.0049223351,0.0035586306,-0.046700001,0.048325918,1.9815539
-0.00055785824,0.0052481977,0.0033560538,-0.067596512,-0.009315547,2.0818419
-0.00072461427,0.0050620322,0.0036566535,-0.051695601,0.036045741,1.9909831
-0.00072020402,0.0052017382,0.0033853772,-0.065418362,-0.0066509704,2.100812
-0.0013898676,0.005149957,0.0038086441,-0.061321217,0.05298252,2.0029872
-0.00060250722,0.0052706778,0.0035994226,-0.045944585,-0.0010893207,2.0313125
-0.0047932313,0.0046853728,0.0037946306,0.068941944,0.21132951,-0.066089147
-0.0049133009,0.0037984104,-0.00056611607,-0.17576295,0.093964524,0.73865373
-0.0017590819,0.0057068104,-0.0027019035,-0.27621806,-0.0073782285,1.7094569
-0.003335851,0.0058495863,-0.0016627733,-0.21743173,0.033331999,1.4875362
-0.0031129962,0.0058762168,-0.0015555704,-0.22338042,0.033675298,1.6718753
-0.0039051568,0.0059584506,-0.0014383285,-0.21330142,0.018889029,1.6197655
-0.0037126375,0.0060109802,-0.0011153824,-0.19963779,0.040899659,1.7058503
-0.0045751294,0.0060745991,-0.00089144404,-0.18524416,0.028675936,1.701017
-0.0037911843,0.0060924184,-0.00077340221,-0.18153459,0.0082672871,1.81541
-0.0030280703,0.0055264846,-0.00043049078,-0.15329462,-0.017555533,1.9194411
-0.0039465348,0.0054848357,-0.00057776896,-0.14225574,0.017089967,1.8059602
-0.0029908496,0.0054978151,-0.00050282962,-0.17314466,-0.0023257242,1.9183712
-0.0026213206,0.0055935599,-0.00061348435,-0.16602753,-0.045207935,1.9880697
-0.0034559088,0.00552802,-0.00058996755,-0.16678129,0.018813882,1.8336359
-0.0029759025,0.0055914681,-0.00054853126,-0.17372629,0.0011228401,1.8763962
-0.003684827,0.0057195946,-0.00060422656,-0.17489124,0.048661486,1.8042493
-0.0033484975,0.0058486294,-0.000572569,-0.18646758,0.016174192,1.8705537
-0.0033626414,0.0057382512,-0.00059137371,-0.18389324,0.035134372,1.8366691
-0.0032592812,0.0060221231,-0.00092178103,-0.20179405,0.020077057,1.9114394
-0.0030821292,0.0055251694,-0.00075433436,-0.17780985,0.041102473,1.8650176
-0.0023456394,0.0053642785,-0.00056686551,-0.16883465,0.00013896369,1.976048
-0.0031317975,0.0053851809,-0.001002154,-0.17520498,0.017804552,1.880911
-0.0025080588,0.0051439428,-0.00096374484,-0.18823457,0.019222635,1.9095598
-0.0021830724,0.0052252773,-0.00090729375,-0.19274958,-0.04308819,2.0557978
-0.0014636487,0.0043885201,-0.0002616741,-0.13089379,-0.021139433,1.9691706
-0.0020417412,0.0044814448,-0.00017970468,-0.13023199,-0.018230043,1.9887934
-0.0022848682,0.0048484973,-0.00016982049,-0.13066869,-0.024576925,1.9861986
-0.0030481516,0.0048114882,0.00034690369,-0.1047909,-0.0057379456,1.9116853
-0.0031812534,0.0046728269,0.00016403328,-0.12025732,0.0037353876,1.9144421
-0.0041905108,0.0051299867,-0.00030370642,-0.14704664,0.0074265349,1.8348723
-0.0033106073,0.0044014427,-0.00027614465,-0.14691941,0.066714274,1.8003245
-0.0038237936,0.0048754351,-0.00098376331,-0.18430862,0.02376773,1.8667882
-0.0031633314,0.0049802402,-0.00081507489,-0.18514861,0.048936623,1.8887687
-0.002919559,0.004885204,-0.00090890726,-0.18300597,0.012626377,1.9471844
-0.0030843,0.0052928445,-0.0012022744,-0.19751382,0.017473961,1.9183419
-0.0026116077,0.004989763,-0.0010132409,-0.19391479,0.020815874,1.9499141
-0.0029728861,0.0052550801,-0.0010567563,-0.19619857,0.0066088357,1.949559
-0.0029255768,0.0050364332,-0.00088740084,-0.18851907,0.02360079,1.964033
-0.002738154,0.0054535487,-0.00096472462,-0.21435948,-0.01879732,2.0642965
-0.0034190449,0.0050825541,-0.0010378803,-0.18112865,0.041846207,1.9243577
-0.0028064767,0.0054745348,-0.0033319856,-0.39206624,-0.049790639,2.2010555
-0.0030395166,0.0039078923,-0.00794921,-0.64468529,-0.083705861,2.5777127
-0.0034639136,0.0037286968,-0.0077162813,-0.57133999,-0.090287605,2.5331386
-0.0034487092,0.0036881051,-0.0069988515,-0.54346916,-0.050555513,2.520682
-0.0037413323,0.0037610881,-0.0070073842,-0.52808059,-0.056572646,2.5545116
-0.0041748627,0.0040008394,-0.0070180166,-0.53399615,-0.056895954,2.5297045
-0.0037262857,0.0036887831,-0.0068582131,-0.51480342,-0.039815358,2.5523545
-0.0038994914,0.0036068299,-0.0070364748,-0.50331418,-0.069674235,2.5542082
-0.0032336358,0.0030902495,-0.006903515,-0.50068995,-0.048936646,2.551749
-0.0027453757,0.0027658684,-0.0063178559,-0.47344049,-0.064005616,2.6917688
-0.0021296246,0.0029376287,-0.0050948102,-0.41803276,-0.066151596,2.7177591
-0.0026596141,0.0030591325,-0.0052969929,-0.43323517,-0.061246656,2.6853266
-0.0023322994,0.0028468846,-0.0056271328,-0.43546938,-0.04376566,2.6766137
-0.0029806608,0.0029817337,-0.0055390384,-0.44830398,-0.065283092,2.6842757
-0.003205989,0.0029684316,-0.0055368525,-0.44234733,-0.024775534,2.6203878
-0.0040104158,0.0031287404,-0.0056717266,-0.45630654,-0.02722411,2.6248221
-0.0041969525,0.003556283,-0.0059412438,-0.47283799,-0.016980004,2.5443723
-0.003851757,0.003173976,-0.0056992711,-0.44378229,0.038632908,2.5249477
-0.0037817162,0.0034125567,-0.0059756773,-0.45422274,-0.013267631,2.6216652
-0.0037104992,0.0032973491,-0.0061610752,-0.44515269,0.028952834,2.5374172
-0.0035279909,0.0031381735,-0.0059204893,-0.44491617,-0.0010316112,2.6249306
-0.0040870671,0.0033671484,-0.006269337,-0.46569646,-0.0043283302,2.5772203
-0.0034074937,0.0029542322,-0.0058767316,-0.43950834,0.010814716,2.5710796
-0.0041226183,0.0034393727,-0.0063182402,-0.47743003,-0.046623298,2.6501426
-0.0036540884,0.0033317773,-0.006168714,-0.47009492,-0.0072500058,2.6169138
-0.0041006202,0.0034199692,-0.0063490005,-0.48012324,-0.038967255,2.6871042
-0.0042001919,0.0033767509,-0.0062182538,-0.47366252,-0.007729998,2.6202584
-0.0042392643,0.0033059649,-0.0063788558,-0.48464271,-0.026977647,2.6951595
-0.0045298851,0.0028684413,-0.006631129,-0.44228689,0.047725523,2.1088667
-0.0050107029,0.002358996,-0.0066348948,-0.45943377,0.060589552,2.1407354
-0.0048362213,0.0025962444,-0.0062012473,-0.45982057,0.0033715408,2.3561744
-0.005013329,0.0026887703,-0.006257344,-0.45448474,-0.0048103578,2.3539207
-0.0043013661,0.0022835019,-0.0057538921,-0.42609151,-0.010365827,2.4678969
-0.0055206084,0.0026102142,-0.0061856994,-0.44935304,-0.016643023,2.4274211
-0.0052255014,0.0024425743,-0.0056335266,-0.42154516,0.0058543208,2.4370823
-0.0055211326,0.0023569702,-0.0059400352,-0.43756386,-0.013857282,2.4201014
-0.0053480025,0.002342544,-0.0057250518,-0.41889755,0.0060895063,2.4109739
-0.0057255334,0.0022144452,-0.0062686148,-0.4429238,-0.016078198,2.4423944
-0.0044171526,0.0024862312,-0.0040874991,-0.34001457,-0.014315973,2.4487193
-0.0031241064,0.0023720594,-0.0020776533,-0.25011251,0.011141867,2.4349476
-0.0028956629,0.00223679,-0.0042027126,-0.33565207,-0.078824718,2.5294967
-0.0037791775,0.0024078869,-0.0039637344,-0.3151235,-0.076897855,2.4150276
-0.0043744766,0.0025832981,-0.0047718048,-0.37854584,0.02169575,2.4251043
-0.0040935262,0.001999754,-0.0040063515,-0.35874701,0.028496656,2.4361232
-0.0040382875,0.0018698769,-0.0041763051,-0.36988024,0.019799093,2.4804255
-0.0045352411,0.001793852,-0.0039733417,-0.35488265,0.021275611,2.4770832
-0.0039391533,0.0014758561,-0.004105632,-0.35242664,-0.0071820557,2.5579807
-0.0042680844,0.0011710718,-0.0044473202,-0.36494367,-0.028195389,2.6098224
-0.0033169299,0.00036131086,-0.0053384894,-0.41264353,-0.079910172,2.8023114
-0.0037050292,0.00016968394,-0.004804471,-0.3634168,-0.075493048,2.8158286
-0.0047204519,0.00059833567,-0.005330163,-0.39733002,-0.066172543,2.7594386
-0.0049679028,0.00061730065,-0.0051774987,-0.38926137,-0.030234171,2.7339173
-0.0043736936,0.00053766569,-0.0053870125,-0.40331335,-0.043813699,2.8321879
-0.004933779,0.00061642016,-0.0055277028,-0.40789938,-0.044564449,2.7822038
-0.0039200687,0.00054083037,-0.0053844187,-0.40546382,-0.032705541,2.8553574
-0.0043058818,0.00058909675,-0.0052635869,-0.38841581,-0.03308244,2.761457
-0.0037102901,0.00062185534,-0.0053806371,-0.40497457,-0.035223944,2.8217424
-0.0042701747,0.00084496423,-0.0053235027,-0.38443216,-0.032244112,2.741097
-0.0040916815,7.7614853e-05,-0.0054715095,-0.35541021,0.11391689,2.0569397
-0.0037640035,-1.8877408e-05,-0.00780709,-0.49100112,-0.06354462,2.6076365
-0.0032102807,0.00024831332,-0.0069556646,-0.45779172,-0.0092187461,2.6573921
-0.0044979977,0.00022254072,-0.0069435906,-0.45992921,-0.031480731,2.6966272
-0.0038660794,0.00045304085,-0.00702701,-0.46037486,-0.011876359,2.6320559
-0.0041105565,-9.4169644e-05,-0.006815903,-0.43943188,0.013995836,2.550632
-0.0038265599,0.00039731465,-0.0068363363,-0.45768648,-0.019220754,2.6866028
-0.0042729747,-0.00015463847,-0.0069816377,-0.44607113,-0.012454063,2.6017754
-0.0028945636,-0.00019527647,-0.0069833506,-0.44405739,-0.005745036,2.6341323
-0.0048332143,-0.00031185882,-0.0074957915,-0.45624929,0.016370268,2.4714208
-0.0030587784,-0.00030594435,-0.0060852917,-0.42275844,0.017211525,2.6416792
-0.005573419,-0.00048370025,-0.0074897641,-0.45068573,-0.040584638,2.6038678
-0.0014529296,8.4479736e-05,-0.0050499388,-0.38198979,0.036553353,2.5593929
0.014915453,-0.00018303051,-0.00081765757,-0.17293345,-0.023852523,1.7523753
0.015280633,-0.0012107012,6.4495945e-05,-0.060691073,-0.017136129,1.5146235
-0.0019479661,-0.0017021198,-0.0075019226,-0.26535041,0.068290814,0.60773741
0.0017245946,-0.0040791568,-0.014697489,-0.49831825,0.03729459,1.8344781
0.017481553,0.00026574174,-0.0072742583,-0.17490975,0.097872115,0.32821564
0.0029931547,-0.00073068944,-0.014672506,-0.42190363,1.202981,1.3859455
-0.0056889333,-0.009993378,0.023068263,0.59648286,2.3162366,1.4272755
0.01138776,0.0020320094,0.019764205,0.6762251,3.360884,1.4277085
0.043835965,0.0073663093,-0.0020326657,0.023702303,3.5658261,-0.47818177
