0,0,0,0,0,0
8.0607556e-05,9.6486206e-05,8.7601318e-05,0.011945702,0.0044160555,-0.0019894988
0.00044526,0.00010443195,-7.7632229e-05,-0.0076371214,-0.027226055,-0.00083570818
0.00012573932,0.00037014808,-0.00057141202,-0.01030722,-0.027853322,0.03867469
-0.00014462977,0.0005381542,-0.00042614063,0.0065317499,-0.020647858,0.042703928
-0.00025061552,0.0006547663,-0.00025001911,0.024659482,-0.026671273,0.067484362
-0.0010402179,0.0004050279,-0.00029238798,0.022160941,-0.071619002,0.15073255
-0.0016642274,0.00040996565,-0.00023884384,0.011534277,-0.084223213,0.12146755
-0.001089357,0.00061218618,-0.00032648933,0.012302372,-0.061064633,0.10760885
-0.0010814505,0.00040398311,-0.00058519089,-0.002986381,-0.069940384,0.10921789
-0.00089233134,0.00061752268,-0.00067836758,0.0044273501,-0.072132907,0.092811395
-0.0012556276,0.000846932,-0.00039980012,0.027667648,-0.069922748,0.14616595
-0.0015390178,0.00060919842,-0.00059406549,0.018102959,-0.092998978,0.10085527
-0.00086312534,0.00090961574,-0.00056189053,0.028287814,-0.09084325,0.061094382
-0.0014857669,0.00087014506,-0.00044746448,0.027159392,-0.080957467,0.064196565
-0.0017428235,0.0005765867,-0.00086370042,0.0092936575,-0.11062834,0.075691869
-0.0022213459,0.00018410724,-0.00080125913,0.0021510164,-0.12613792,0.08532643
-0.0020594513,0.00018608786,-0.0011613463,-0.0034716413,-0.14424822,0.1047581
-0.0024325613,5.294054e-05,-0.00073687142,0.0017498855,-0.13283755,0.11754321
-0.0019755989,4.7371748e-06,-0.0012868867,-0.030676606,-0.17128261,0.091740151
-0.003234057,0.00031145325,-0.0012490375,-0.033459495,-0.13607372,0.084131075
-0.0023702456,0.00019208485,-0.001074174,-0.012107389,-0.18535238,0.062095113
-0.0028613878,0.00048827929,-0.0013988441,-0.019780764,-0.17351634,0.093174627
-0.0025291563,0.00048730922,-0.0012232042,-0.014758966,-0.17407367,0.074821599
-0.0025451496,0.00039477889,-0.0016060457,-0.026704353,-0.20070581,0.059747153
-0.0029839155,0.00065607638,-0.0015331233,-0.014526936,-0.20245959,0.059569301
-0.0027118228,0.00078828315,-0.0014629979,-0.015979815,-0.1893155,0.025263456
-0.0027965629,0.00080938112,-0.0017162907,-0.026463255,-0.15418825,-0.023153611
-0.0026531022,0.0007687023,-0.0018835567,-0.034454773,-0.13663091,-0.033427032
-0.0027266944,0.00066942008,-0.0016990902,-0.024857706,-0.1569809,-0.011299042
-0.0025738005,0.00053171676,-0.0018340071,-0.030815504,-0.16656819,0.019580127
-0.0022566575,0.00065430277,-0.0018615973,-0.015419718,-0.16201642,0.022389496
-0.0023496629,0.0006830187,-0.0016223006,-0.006568738,-0.17810086,0.038171268
-0.0029013075,0.0006509057,-0.0015942451,-0.0066549938,-0.17467221,0.04510725
-0.003203387,0.00076389309,-0.001630797,0.0010811387,-0.18378626,0.052174817
-0.0029517313,0.0012029369,-0.0013881574,0.0093931747,-0.19107756,0.066198152
-0.0036765452,0.0011334854,-0.0017126107,-0.0098620867,-0.22284096,0.065215944
-0.0028697089,0.0013393627,-0.0015761483,-0.0037908664,-0.16002189,-0.016590281
-0.0013586027,0.0016752419,-0.0014326539,-0.00093383083,-0.12200769,-0.17426215
-0.0021142494,0.0013957149,-0.0014983524,-0.01567228,-0.14387365,-0.12621816
-0.0025569259,0.0014848145,-0.0015616592,-0.017646893,-0.14153614,-0.10198127
-0.0023504822,0.0013545018,-0.0015063669,-0.0075386789,-0.1260944,-0.09305968
-0.0020895565,0.0014452955,-0.0017208831,-0.019426827,-0.11695899,-0.061883891
-0.0025533364,0.0013066829,-0.0015221119,-0.010050492,-0.15172917,-0.041748473
-0.0027896069,0.001486515,-0.0015465465,0.0033968166,-0.15279003,-0.038455611
-0.0029887846,0.0012250476,-0.0014342255,0.0043703772,-0.1683875,-0.010898862
-0.0029910998,0.0013589743,-0.0013057408,0.017342437,-0.160031,0.0074937838
-0.0029867302,0.0014364146,-0.0010438694,0.018909106,-0.16781531,0.0012159914
-0.0030777562,0.0013485298,-0.001382709,0.00071494123,-0.18328234,-0.023119705
-0.0031045296,0.0010856546,-0.0014568084,-0.0073154422,-0.17628672,-0.031158936
-0.002798428,0.0013555274,-0.001709854,-0.0086134807,-0.16784414,-0.043617335
-0.0031612714,0.001509615,-0.0017175589,-0.0023461062,-0.18111226,0.014288306
-0.003259276,0.0013437681,-0.0017014322,-0.00039087961,-0.19113674,0.023478239
-0.003721453,0.001343134,-0.001671933,-0.0006938924,-0.19656487,0.032597663
-0.0036174588,0.0016886381,-0.001823635,-0.0018207808,-0.20886315,0.015166437
-0.0036495682,0.0016870724,-0.0015927619,0.0012488156,-0.20412225,0.028229763
-0.0034109752,0.002028555,-0.0016389873,-0.0058955893,-0.20712378,0.020523126
-0.0035795881,0.0020343779,-0.0021236194,-0.013043165,-0.23317957,0.0024163251
-0.003432067,0.0019402146,-0.0021278905,-0.025686664,-0.19366043,-0.060658714
-0.0029324653,0.0021778732,-0.002193787,-0.025386657,-0.15756425,-0.1462461
-0.003536639,0.0021983606,-0.0026393324,-0.026813879,-0.17072724,-0.068778051
-0.0037356863,0.0019298068,-0.0023610599,-0.022840417,-0.1952043,-0.054092496
-0.0040574692,0.0023500556,-0.0021103744,-0.0012098613,-0.19230987,-0.02144818
-0.0036837044,0.0024106293,-0.0019093412,-0.0042436542,-0.18533998,-0.023155471
-0.0036920472,0.0024431395,-0.0015596714,0.0077940879,-0.19934592,-0.048086149
-0.0034480087,0.0024535766,-0.0015154381,0.012692174,-0.18321039,-0.090238941
-0.0037736244,0.0021787559,-0.0016745788,-0.0015179508,-0.21301471,-0.083405769
-0.0035380061,0.0023018724,-0.0019437862,-0.016295973,-0.17620248,-0.11621626
-0.0031744077,0.0019636904,-0.0013888807,-0.019590134,-0.17897064,-0.099699548
-0.0036626719,0.0018519405,-0.001891012,-0.027768353,-0.21611029,-0.069944231
-0.003383278,0.0019109217,-0.002239136,-0.030396179,-0.21092562,-0.056350032
-0.0032973205,0.0020294236,-0.0020209893,-0.02070737,-0.19216998,-0.037486304
-0.0035140467,0.0021841275,-0.0018488396,-0.014927398,-0.21317833,-0.066883771
-0.0033866139,0.0019979419,-0.0019430797,-0.030710048,-0.22359753,-0.07580321
-0.0032266696,0.0021067606,-0.0018706284,-0.022164009,-0.24041409,-0.080623332
-0.0033433504,0.0021789598,-0.0018536534,-0.015148097,-0.22959393,-0.069599262
-0.0039187814,0.0020175851,-0.0019570247,-0.041740471,-0.24187028,-0.10419892
-0.0032191138,0.0023389408,-0.0022114482,-0.051180286,-0.2030137,-0.21834678
-0.0025054601,0.0026468549,-0.0019663962,-0.049512273,-0.12652697,-0.24213374
-0.0024264386,0.0025393712,-0.0019709126,-0.047094089,-0.14634977,-0.21704439
-0.0028147691,0.0025171664,-0.0019939386,-0.03609822,-0.1715699,-0.19911836
-0.0027567946,0.0023621024,-0.0018480552,-0.030869851,-0.19027017,-0.16974771
-0.0029612666,0.0023350567,-0.0016125449,-0.021281276,-0.19395836,-0.15059039
-0.0031838265,0.0024004219,-0.0015602829,-0.0064726448,-0.23448709,-0.12539456
-0.0030457296,0.0024984625,-0.0013093704,0.0047828333,-0.20186905,-0.11970603
-0.003182497,0.0024302897,-0.0012835609,0.0097582537,-0.22511994,-0.099389743
-0.0032072406,0.0023486929,-0.0012347151,0.012209744,-0.23784952,-0.084132918
-0.0032217672,0.0023491513,-0.0014914097,-0.0051422759,-0.26962913,-0.11628411
-0.0034102603,0.0023303592,-0.0017411358,-0.022430766,-0.25515729,-0.14904644
-0.0038521161,0.0023779115,-0.001850072,-0.023522518,-0.2391067,-0.13883534
-0.004033134,0.0023856822,-0.0020227465,-0.030692757,-0.25019547,-0.11068909
-0.0036429516,0.0026112933,-0.0021133533,-0.029519297,-0.24418122,-0.10176485
-0.003726679,0.0026944088,-0.0021595668,-0.019913134,-0.23311818,-0.095333128
-0.003760309,0.0030211152,-0.0020085085,-0.0025924821,-0.2353271,-0.094328638
-0.0038844034,0.0029753972,-0.0017171644,0.012712627,-0.23924197,-0.088344499
-0.0037162797,0.0027762244,-0.0017105978,0.010201003,-0.24453463,-0.089388226
-0.0049187292,0.0027112561,-0.0015768991,-0.0094805265,-0.20480669,-0.13684769
-0.0040592382,0.0028034062,-0.0013408859,0.010055064,-0.25886493,-0.1147503
-0.0037157105,0.0029790816,-0.001565627,0.0074156188,-0.22675458,-0.13357135
-0.0042030031,0.003087589,-0.0015370657,0.013235153,-0.26189336,-0.10179312
-0.0044543623,0.0031288278,-0.001457068,0.018595647,-0.25087316,-0.091059396
-0.0047054754,0.0033412409,-0.0015455457,0.017882242,-0.28007818,-0.047773556
-0.0049343861,0.0032093594,-0.0012394979,0.022361998,-0.28503955,-0.027287355
-0.0056260674,0.003201869,-0.00062522423,0.030280029,-0.29708625,-0.0069376165
-0.0052008829,0.0034410358,-0.00070542293,0.032939911,-0.28404477,-0.05970915
-0.0056023834,0.0035432235,-0.00070596727,0.032197795,-0.25330199,-0.073648309
-0.0049032831,0.0036958873,-0.0012364542,0.012228119,-0.22322815,-0.22407016
-0.0043322671,0.0042495461,-0.00061610653,0.038896983,-0.15305263,-0.35687739
-0.0043564075,0.0040748553,-0.00051268975,0.048708743,-0.17406351,-0.30290376
-0.0050617337,0.003891415,-0.00054924317,0.042098077,-0.22781905,-0.22368286
-0.0051090176,0.003591409,-0.00092421545,0.033974961,-0.24176048,-0.18458866
-0.0050004461,0.0039858979,-0.00016341131,0.05026159,-0.26495546,-0.16717678
-0.0049553158,0.004414481,0.000199114,0.064011413,-0.27469392,-0.12589222
-0.005089181,0.0044879547,-5.8847281e-05,0.062454228,-0.29388959,-0.1188247
-0.004934599,0.0045455585,-0.0002643556,0.053547015,-0.28196333,-0.13083224
-0.0044612214,0.0041415744,-0.00052532689,0.026275948,-0.23386396,-0.221787
-0.0044300123,0.004013157,-0.00051378467,0.029468887,-0.21261939,-0.24538945
-0.0042855212,0.0041131376,-0.00068423946,0.030631492,-0.18009321,-0.2383544
-0.0044377734,0.0045230021,-0.00074157466,0.042741883,-0.1859555,-0.19532964
-0.0043156204,0.0047053905,-0.00014407478,0.063162418,-0.22661196,-0.10623428
-0.004285829,0.0044833251,-2.1174562e-05,0.061996662,-0.2188875,-0.11389395
-0.0042141792,0.0044721637,-0.00012486423,0.056178766,-0.24212943,-0.11255199
-0.004467836,0.0043805033,-0.00034332788,0.047563368,-0.2626133,-0.13506374
-0.0041304309,0.0048149428,-0.00060741104,0.035787054,-0.25242703,-0.10767291
-0.0044220535,0.0047405329,-0.00014104155,0.043579707,-0.22582319,-0.11578846
-0.0042726468,0.0046105597,-0.00027091886,0.037087084,-0.24850562,-0.12483027
-0.0036846189,0.004638026,-0.00051010782,0.045553149,-0.20774231,-0.18338865
-0.0038221858,0.0050862914,0.00012058961,0.076315298,-0.19693777,-0.1911657
-0.0032722772,0.0052906705,0.00065264398,0.090600991,-0.17000954,-0.17316817
-0.0034465318,0.005287898,0.00065025248,0.09603615,-0.20738477,-0.16852033
-0.0032714196,0.0054120132,0.0013135383,0.11194477,-0.21942276,-0.17411131
-0.0039722397,0.0053028211,0.0012777561,0.10620883,-0.26665067,-0.12872413
-0.0040061167,0.0052973468,0.00099005071,0.092563227,-0.27655845,-0.15789505
-0.0042862976,0.0051167157,0.00099242391,0.090706326,-0.28331348,-0.19209936
-0.003946766,0.0050076059,0.00071420503,0.083058638,-0.23248427,-0.25959835
-0.0036472244,0.0052718491,0.0008428105,0.085669607,-0.17989709,-0.31976868
-0.0035174845,0.0052888466,0.00088955727,0.082543675,-0.22959516,-0.26926808
-0.003571639,0.0053700644,0.00079836599,0.08008773,-0.2213893,-0.22551611
-0.0037790056,0.0056182098,0.00063917427,0.078898502,-0.24464023,-0.1784248
-0.0035983375,0.0058018453,0.00081053671,0.088733257,-0.23738854,-0.17320904
-0.0034225947,0.0059492599,0.00094235468,0.085224627,-0.24608327,-0.19912983
-0.0035441815,0.0059927163,0.00094781325,0.08076717,-0.23742956,-0.1917703
-0.0038313125,0.0060178062,0.0010772073,0.08386256,-0.2518794,-0.18388502
-0.0039615306,0.0059033696,0.00084059212,0.084020056,-0.22107993,-0.21228715
-0.0030302135,0.0057850671,0.00020238766,0.066384447,-0.18747718,-0.29375685
-0.0038476364,0.005808439,0.00037132449,0.070162692,-0.17575527,-0.28530582
-0.0034637837,0.0056658593,0.00061416675,0.074995072,-0.15555395,-0.27935218
-0.0031397895,0.006245463,0.00041709922,0.094858339,-0.15791556,-0.28317396
-0.0031725562,0.0062769673,0.00055866625,0.10546473,-0.17953781,-0.24955256
-0.0032688236,0.0060598921,0.00058064507,0.10367846,-0.21263335,-0.2386054
-0.003131193,0.0062931565,0.00077251847,0.11408788,-0.23053115,-0.21850047
-0.0031490505,0.0066317539,0.0009344382,0.12913711,-0.22705392,-0.26458958
-0.003511143,0.0064540203,0.00087852542,0.12299394,-0.23694883,-0.2558189
-0.0034562793,0.0064496073,0.00073116396,0.11947968,-0.20704053,-0.30966278
-0.0033109664,0.0062816762,0.00072445515,0.11464878,-0.18767129,-0.36131357
-0.0032480143,0.0060807813,0.00098253587,0.11544742,-0.22470666,-0.29540322
-0.0031116045,0.0063575635,0.001007695,0.12741481,-0.20914407,-0.29381067
-0.003261591,0.006246131,0.00082135053,0.11734726,-0.20900405,-0.25351356
-0.003313879,0.0062818504,0.00077524843,0.11762965,-0.20157149,-0.26254174
-0.003412133,0.0063023947,0.0010727161,0.11768029,-0.25246251,-0.22109229
-0.0033180388,0.0067023203,0.00089979191,0.11604082,-0.22885182,-0.23186403
-0.0033963736,0.0065346742,0.0014884043,0.12022721,-0.23762291,-0.21070764
-0.0036070526,0.0069431751,0.0016862955,0.12905189,-0.23781059,-0.22577967
-0.0039085901,0.0070659,0.001370406,0.12188995,-0.24932348,-0.21468561
-0.0036610439,0.0066707418,0.00082108658,0.097798891,-0.23628647,-0.28890658
-0.0041916618,0.0066784094,0.00080869698,0.11237277,-0.22076191,-0.26893197
-0.0042211913,0.0067339443,0.00087832299,0.11211355,-0.24265458,-0.24293724
-0.0037386572,0.0071856838,0.0011657096,0.13483613,-0.21182264,-0.25135867
-0.0035154608,0.0070633842,0.0010457196,0.12998462,-0.22409301,-0.23613453
-0.0034107667,0.0071931228,0.00095179815,0.13822015,-0.21905549,-0.22278094
-0.0034396868,0.0074092556,0.0015169201,0.16361781,-0.21435096,-0.23256374
-0.0031873372,0.0077589367,0.0016818156,0.18179021,-0.2288081,-0.23017179
-0.0029385953,0.0076386309,0.0014324424,0.16608648,-0.19064964,-0.28885964
-0.0029982142,0.0073915134,0.0012979388,0.15064566,-0.21893395,-0.29534907
-0.0029600112,0.0072823811,0.0012098599,0.1398183,-0.20176989,-0.31342787
-0.0033097351,0.0071740726,0.0010406584,0.12680529,-0.19119071,-0.29783621
-0.0030296665,0.0073267125,0.0013765932,0.1437457,-0.19149876,-0.2772812
-0.0030760084,0.0077540805,0.0012081587,0.15357644,-0.20042868,-0.23148957
-0.0030219468,0.0076245003,0.001418832,0.15574044,-0.21159653,-0.2173143
-0.0030396053,0.0079401929,0.0014149672,0.1609496,-0.228644,-0.19255227
-0.0031229924,0.0082895644,0.0015172237,0.18331189,-0.21809656,-0.2289826
-0.0034584922,0.0082383885,0.0020754216,0.20497301,-0.25542884,-0.22110131
-0.0031278945,0.0089947223,0.0011550609,0.17382996,-0.26463379,-0.21841891
-0.0037107415,0.0095396858,0.0015883609,0.18838882,-0.28626908,-0.19930414
-0.0041598799,0.009340755,0.001724369,0.19264332,-0.32441854,-0.22745785
-0.0038584472,0.0095136762,0.0010393701,0.19074386,-0.30663495,-0.26949948
-0.0034884619,0.0095245699,0.0013340669,0.190261,-0.26801296,-0.26532992
-0.0043143786,0.0092953813,0.0013360539,0.21639664,-0.31400741,-0.2500003
-0.0046792772,0.0094306581,0.0018661377,0.25545769,-0.31079939,-0.24906681
-0.0058247233,0.010185647,0.0010396311,0.22263753,-0.35329682,-0.24717913
-0.0068132996,0.010708358,0.00066894798,0.20684705,-0.38214587,-0.26816189
-0.0062053345,0.010917162,0.00089793762,0.22341365,-0.3658851,-0.26906679
-0.0060782007,0.010798251,0.00094990099,0.2189824,-0.37777197,-0.27823516
-0.0061629918,0.010078375,0.0012387507,0.21795284,-0.35466713,-0.32257313
-0.0060413334,0.0099217976,0.00098946113,0.20845266,-0.34298098,-0.3436482
-0.0056824804,0.0092143934,0.00043371327,0.18504962,-0.26966078,-0.34992879
-0.0053304909,0.0096170052,0.00037832171,0.19180733,-0.26778988,-0.26964156
-0.0048700643,0.010167376,0.00075395578,0.21722476,-0.25052848,-0.24135945
-0.0051115409,0.010478491,0.0011335898,0.23499798,-0.27068987,-0.261369
-0.0049101312,0.010271307,0.0012738214,0.2390876,-0.30009356,-0.23444413
-0.0053766797,0.010174525,0.0017707918,0.23224869,-0.35156938,-0.20085573
-0.0052113955,0.010168761,0.0015796787,0.23890575,-0.3695738,-0.16962607
-0.0056351883,0.009751772,0.0009674127,0.17962047,-0.25501749,-0.40804127
-0.0043775601,0.0090546962,-0.00085262732,0.098919502,-0.19750341,-0.53649053
-0.0038930872,0.0094866295,-0.0006489935,0.14310397,-0.11550154,-0.57975922
-0.0038067087,0.010103823,-0.00053103442,0.15707964,-0.13887574,-0.56612404
-0.0036894624,0.010072281,-0.00026751833,0.15512536,-0.17851843,-0.46547915
-0.0039667635,0.010178656,0.00096733746,0.19467099,-0.3093265,-0.32837617
-0.0045301186,0.0098909007,0.00092722756,0.18963362,-0.36581657,-0.25578085
-0.0043636557,0.0096184647,0.00086954212,0.17100399,-0.34352333,-0.28353376
-0.0042313925,0.0098683144,0.00092243237,0.17617279,-0.32915264,-0.27379476
-0.0048194537,0.010093884,0.00097457958,0.18117554,-0.3252268,-0.27166978
-0.0055521853,0.010010907,0.00031722934,0.14973521,-0.36287177,-0.2971974
-0.0049516491,0.0092818453,-7.988797e-05,0.15594806,-0.16300298,-0.51531757
-0.0042588084,0.0091352057,-0.0004702714,0.13900108,-0.096528535,-0.53279535
-0.0040989883,0.0092381714,-0.00041402437,0.13858009,-0.084791836,-0.47490926
-0.0037211311,0.0093823347,-0.00069765169,0.14077016,-0.10677321,-0.44927543
-0.00292616,0.0097084855,-0.00045422454,0.14877153,-0.095704341,-0.43805827
-0.0026636975,0.0096637695,-0.00073775832,0.1348858,-0.10138703,-0.44380105
-0.0028265478,0.0096731243,-0.00037638431,0.14454837,-0.10639106,-0.40441142
-0.0025573871,0.0096575836,-0.00072678668,0.14261827,-0.0946163,-0.43634045
-0.0025828997,0.010004531,-0.0008271652,0.15532919,-0.11063926,-0.39684177
-0.0031501791,0.0095136156,-0.0014035977,0.12355626,-0.12918179,-0.44431866
-0.0034127432,0.0092622578,-0.0014273226,0.10938596,-0.10972589,-0.49929718
-0.003399762,0.0094428413,-0.0016961152,0.10508542,-0.095773049,-0.49987652
-0.0029151462,0.0094288034,-0.0017449266,0.099359617,-0.093324507,-0.45680358
-0.0027613043,0.0098569486,-0.0016622859,0.1206495,-0.075785504,-0.49271519
-0.0027917717,0.010194792,-0.0012457355,0.14006569,-0.077676758,-0.493383
-0.0026956905,0.011198824,-0.0010710079,0.16529794,-0.075384896,-0.49763984
-0.0031596267,0.011173705,-0.00066015116,0.1790934,-0.097289939,-0.46914177
-0.0031836688,0.011188519,-0.0002025353,0.19226977,-0.087089665,-0.46364168
-0.0033317528,0.011370398,-0.0002642844,0.19528953,-0.10146157,-0.42906825
-0.0035120822,0.010967973,-0.00057805853,0.17501995,-0.090989411,-0.45772957
-0.0032036128,0.010888319,-0.0012030586,0.14911776,-0.066013062,-0.50667623
-0.0033859774,0.011067924,-0.0014225121,0.15770563,-0.074117977,-0.50311524
-0.0032829263,0.011249031,-0.0014053245,0.16080361,-0.059883995,-0.49384253
-0.0036394883,0.011453846,-0.0010177979,0.17719683,-0.08143905,-0.46064484
-0.0036263208,0.011745543,-0.00079051201,0.18203924,-0.076967864,-0.4754777
-0.0037673913,0.012005777,-0.00052968967,0.19202851,-0.083678268,-0.4647199
-0.0041531908,0.011811443,0.00015203767,0.19731018,-0.11040065,-0.42023754
-0.0056132526,0.011635273,0.00046881476,0.19343384,-0.18514001,-0.30743223
-0.0054498469,0.011468036,-3.9987252e-05,0.17872731,-0.19274185,-0.31773138
-0.0051229106,0.011365277,-0.001341544,0.15504288,-0.069645,-0.4913354
-0.0050028983,0.01157754,-0.0021966141,0.13157127,-0.031706649,-0.50101216
-0.0048443548,0.012104736,-0.0015507451,0.16602984,-0.036163441,-0.42592815
-0.0047629055,0.012564147,-0.0008280809,0.20962271,-0.070573822,-0.37983104
-0.0049662621,0.01235735,-0.00022967263,0.21926284,-0.071500219,-0.41211379
-0.0049547793,0.012407361,-0.00058200237,0.21516697,-0.096180591,-0.41996891
-0.0046396088,0.012792273,-0.00065412018,0.23069673,-0.059410855,-0.39847115
-0.0047257609,0.013048696,-0.00033242722,0.25164447,-0.082583554,-0.38379119
-0.0049513145,0.013056181,-0.00026535238,0.25320593,-0.090110795,-0.37234003
-0.0045899777,0.012576986,-0.0011792631,0.21378361,-0.084171337,-0.44928318
-0.003937584,0.013129182,-0.0018618592,0.19487367,-0.12800739,-0.44408288
-0.0046761059,0.012219659,-0.0025487442,0.1467181,-0.1184102,-0.53286158
-0.0046355073,0.011893316,-0.0025895399,0.13899842,0.0028870324,-0.64483774
-0.0044342707,0.012198492,-0.0029063817,0.13684348,-0.017913295,-0.57788067
-0.0045598495,0.012336079,-0.0027360222,0.14779574,0.026014635,-0.52696127
-0.0044462016,0.012443714,-0.0030664904,0.13201313,-0.038721062,-0.50828765
-0.0039228677,0.012835545,-0.0030824391,0.14494015,0.0091357991,-0.4650576
-0.003921875,0.013016694,-0.0027439816,0.16514252,-0.046784492,-0.38531929
-0.0040309851,0.012768737,-0.002887932,0.16054368,-0.015385119,-0.43401142
-0.0036483786,0.01275547,-0.0033653794,0.1404211,-0.039081451,-0.46676426
-0.0039605118,0.012636324,-0.0034049887,0.15583232,-0.10950793,-0.43867901
-0.0041312167,0.012275622,-0.0025203144,0.16322283,0.04945329,-0.45943208
-0.0037448036,0.012379444,-0.0030609596,0.15004187,-0.013824138,-0.4216439
-0.0036555212,0.01274737,-0.003396811,0.14823531,0.030507505,-0.41302122
-0.0038723372,0.012836734,-0.0032663254,0.15937144,-0.043114127,-0.3905083
-0.0039805115,0.012694163,-0.0027915558,0.1587342,0.050730641,-0.41898994
-0.0038538851,0.013194794,-0.0023945366,0.19294175,-0.047328786,-0.35962802
-0.0041594723,0.013150463,-0.0016004229,0.20015604,0.0043574307,-0.34788811
-0.0042478909,0.013012846,-0.0022410868,0.18368697,-0.10097164,-0.27812635
-0.0043694915,0.012641023,-0.0025886746,0.1660096,0.010922681,-0.40200365
-0.0046897621,0.012830669,-0.0031317044,0.15554746,-0.062032555,-0.38264702
-0.0040751204,0.013155037,-0.002964849,0.16020065,0.010217311,-0.40275608
-0.0039058984,0.013878274,-0.0028747,0.18278784,-0.051970264,-0.33819189
-0.0039558272,0.014067193,-0.0025869078,0.19398939,0.011228199,-0.3605755
-0.0040954626,0.014139757,-0.0027717573,0.20221177,-0.055565824,-0.35347078
-0.0040041601,0.01402948,-0.0024951147,0.20918649,-0.06534306,-0.34738627
-0.0047042052,0.014138957,-0.0029026326,0.21301711,-0.12306786,-0.36673287
-0.0044071792,0.014797511,-0.0024767122,0.26880369,-0.15272564,-0.36992869
-0.0047174612,0.014402592,-0.0030058374,0.17996008,-0.14357834,-0.38704565
-0.0041694103,0.013364152,-0.0043228497,0.12138177,-0.062000774,-0.55242967
-0.0032179704,0.011935023,-0.0056108209,0.08239932,-0.036246763,-0.48582895
-0.003412535,0.012291781,-0.0048859218,0.11194287,0.067864353,-0.58742044
-0.0031243743,0.012691989,-0.0049223149,0.13456435,0.017759988,-0.47252079
-0.0030703982,0.012840055,-0.0041445356,0.17221015,0.035707164,-0.46309197
-0.0034700818,0.01306185,-0.0033752739,0.20280877,-0.07438134,-0.34753611
-0.0037758188,0.013229854,-0.003231965,0.19700524,-0.080344674,-0.35768855
-0.0031232344,0.013942239,-0.0039164908,0.17494279,-0.16208265,-0.32260223
-0.0035104638,0.013605168,-0.0039291621,0.15369482,-0.1123356,-0.39019856
-0.0035065984,0.012275409,-0.0044732082,0.14101786,-0.0028506884,-0.69080629
-0.003984374,0.011352568,-0.0045315501,0.13156524,0.027223352,-0.63854965
-0.0035504455,0.011825007,-0.0042091942,0.14875386,0.039602215,-0.60483377
-0.0035727156,0.012409183,-0.0041113791,0.16858343,0.064586799,-0.55554292
-0.0036302582,0.012713908,-0.0039261628,0.18686173,0.018259043,-0.47093141
-0.004033218,0.013004852,-0.003620756,0.20472012,0.040153431,-0.43522082
-0.0038686636,0.013163476,-0.0035728744,0.20475995,0.019763252,-0.35355947
-0.0036920193,0.01302854,-0.0035109634,0.20457797,-0.0017294493,-0.33293318
-0.0037731187,0.013017989,-0.0033368029,0.21280591,-0.030981003,-0.28374814
-0.0036194405,0.012015289,-0.0040676529,0.15442045,0.04877294,-0.49476477
-0.0041083405,0.011246588,-0.0041938132,0.13807355,0.079718759,-0.70489971
-0.0037958741,0.012065591,-0.0038259002,0.1857574,0.11539343,-0.66204126
-0.0032355822,0.012592052,-0.0040868247,0.1925961,0.11695867,-0.6066702
-0.0035046899,0.01320392,-0.0039317052,0.22340745,0.1062487,-0.51731203
-0.0033399937,0.013297219,-0.0034530141,0.24500575,0.1010798,-0.49439547
-0.0028630875,0.013351183,-0.0035029281,0.24821398,0.097839466,-0.47624809
-0.0029099819,0.013860168,-0.0034924599,0.2629446,0.10047736,-0.42448435
-0.0030874335,0.013869832,-0.0032757842,0.26723622,0.094247792,-0.40535676
-0.0031059355,0.013942809,-0.0036099426,0.25966624,0.088898109,-0.41772881
-0.0030552487,0.012912515,-0.0042828877,0.2105307,0.10050376,-0.51033333
-0.003101556,0.012973886,-0.0040629357,0.21090475,0.12140447,-0.5080535
-0.0028282768,0.01346705,-0.0042005985,0.22160009,0.10190527,-0.43544478
-0.0033322815,0.014107756,-0.0039841816,0.24243778,0.10772554,-0.37984896
-0.0033223973,0.014188755,-0.0039732871,0.2467782,0.076955664,-0.3511065
-0.0033792987,0.014247885,-0.0040797133,0.24462163,0.097132087,-0.33345452
-0.0034036308,0.014304779,-0.0036404138,0.24106016,0.082632468,-0.33437944
-0.0034931537,0.014368575,-0.0033273594,0.24707273,0.07998391,-0.30233372
-0.003741773,0.01448484,-0.0035383148,0.2418665,0.082946568,-0.28810743
-0.0035208297,0.013993637,-0.0035256733,0.22974898,0.11442517,-0.35482145
-0.0041726271,0.013212572,-0.0047540203,0.19043561,0.076866591,-0.4518093
-0.0040891922,0.012980601,-0.0048683007,0.18078352,0.13424709,-0.50534026
-0.0033395831,0.013713341,-0.0049443027,0.20194178,0.098844413,-0.45666971
-0.0039857586,0.014439027,-0.0046272813,0.23154343,0.13469252,-0.4094941
-0.0043163268,0.014517153,-0.0045809343,0.22997545,0.081419097,-0.3744549
-0.004269864,0.015049427,-0.0047581679,0.23679817,0.082707623,-0.35117261
-0.0041762279,0.014702648,-0.0041094643,0.23649649,0.10566316,-0.30848286
-0.0047345471,0.01510471,-0.0040377354,0.23694686,0.070809409,-0.27595205
-0.0047162529,0.014448,-0.0047239259,0.19904991,0.10656687,-0.44306226
-0.0048752005,0.01304306,-0.0053991185,0.15663695,0.1194544,-0.60319093
-0.0043472748,0.013349067,-0.0053246576,0.1587108,0.11793223,-0.55556814
-0.0048045292,0.013702082,-0.0060215166,0.1438556,0.10221975,-0.55136069
-0.0045981379,0.014121089,-0.0052276427,0.1965327,0.15810915,-0.56304367
-0.0043227484,0.014686316,-0.0048350097,0.25107245,0.11646772,-0.44777894
-0.0043858932,0.014995258,-0.0048212984,0.2493188,0.13070281,-0.42852177
-0.0042946929,0.0153142,-0.0047130522,0.26332606,0.12059424,-0.37254938
-0.0043886951,0.015076204,-0.00448542,0.26795214,0.12019148,-0.36047746
-0.0045493966,0.015009054,-0.0043729513,0.27536308,0.084867022,-0.35213374
-0.0046863685,0.014720621,-0.0044060474,0.258828,0.11287462,-0.38268166
-0.0046379046,0.014630519,-0.0047668244,0.23988992,0.1045321,-0.43153307
-0.0046258317,0.0141231,-0.0050490142,0.21624321,0.14318005,-0.47867935
-0.0043910627,0.014437884,-0.004650075,0.24490213,0.14984705,-0.45751585
-0.0032335687,0.015242647,-0.0053830962,0.2302145,0.11048458,-0.36648594
-0.0036405824,0.014995915,-0.0050082206,0.23218394,0.10399554,-0.33794376
-0.0041280331,0.014958122,-0.005213242,0.21522714,0.051490483,-0.29272045
-0.0052525652,0.01506295,-0.0055696982,0.21169751,0.011096393,-0.28393722
-0.0048255347,0.015375756,-0.0054788828,0.21600462,0.023699493,-0.27573285
-0.0041455699,0.015555709,-0.0057589727,0.20465162,-0.041349663,-0.15956526
-0.0039000391,0.014325362,-0.0064884941,0.16988431,0.027164581,-0.35244487
-0.0033529584,0.013201878,-0.0068635234,0.15200822,0.15688769,-0.61001563
-0.0049525108,0.013858007,-0.0064235285,0.18342964,0.065021723,-0.57174403
-0.00443821,0.014699483,-0.0055395192,0.23116108,0.086267322,-0.57507818
-0.0049830428,0.014617863,-0.0058072532,0.21282123,0.050340012,-0.51595339
-0.0038660085,0.014535507,-0.0058439971,0.2121772,0.074506217,-0.61041843
-0.0042821594,0.015219101,-0.0057210353,0.25187269,0.15186848,-0.6159471
-0.006106446,0.014704544,-0.0058981577,0.22193273,0.10810952,-0.58647273
-0.005845845,0.013541216,-0.0073764961,0.15506336,0.19487191,-0.62559655
-0.0062812586,0.01305443,-0.0068308409,0.15529002,0.21761018,-0.81646686
-0.0055788056,0.013148817,-0.006922459,0.17775481,0.19306605,-0.73522956
0,0,-8.6736174e-19,0,0,0
-0.00045117073,0.00074684605,-0.00095837179,-0.018082267,0.02749365,0.037967876
-0.00090630415,0.00095759405,0.00018056145,0.049864279,-0.0021006927,0.071666794
-0.0013498251,0.00087764109,0.00056409917,0.042169729,-0.029266294,0.073668833
-0.0015898627,0.0012228664,0.00063165247,0.056268715,-0.063653023,0.096344419
-0.0018506184,0.0016049044,0.00068849316,0.067243554,-0.090118263,0.13548128
-0.0021761823,0.0017865409,0.0007326174,0.080790059,-0.081375322,0.17669131
-0.0020256521,0.0014051916,0.000872482,0.075885363,-0.11608339,0.22339095
-0.0025123523,0.00054223075,0.00089062423,0.04463158,-0.10723585,0.140396
-0.0021044068,0.00011048508,0.0011323551,0.046457241,-0.11350943,0.17194832
-0.001866868,0.00093827926,0.00086496463,0.071339923,-0.11375787,0.2393608
-0.002078829,0.0011559443,0.0011448715,0.083650808,-0.093048471,0.24104265
-0.0019782272,0.001613595,0.0010388471,0.10201615,-0.1078525,0.28333977
-0.0022230738,0.001648906,0.0010308661,0.10637011,-0.10864646,0.32112975
-0.002600121,0.0015856952,0.0011237367,0.10208308,-0.13546348,0.37252245
-0.0025589316,0.0018862447,0.0012895691,0.10993446,-0.14246346,0.41278191
-0.002428658,0.0019622407,0.0012235548,0.11860357,-0.15806195,0.43427652
-0.0024246683,0.0017046159,0.0016360567,0.1157643,-0.15007342,0.44295513
-0.0028238198,0.001281304,0.0013104765,0.096429914,-0.19495748,0.41598487
-0.0032037209,0.0010862627,0.0015959304,0.088554326,-0.15270773,0.37045622
-0.0030399092,0.0017100121,0.00072456274,0.082655366,-0.19950564,0.44606659
-0.0030667061,0.0016786987,0.0010490824,0.078406738,-0.11252894,0.42417259
-0.0031087539,0.0017397886,0.00050913633,0.070638434,-0.19981238,0.48043113
-0.0032391098,0.0018315406,0.00073461499,0.079026807,-0.16747899,0.48862391
-0.0033737066,0.0016653186,0.00074216872,0.058074961,-0.20198179,0.47007003
-0.0039837313,0.0017367921,0.000318757,0.047484209,-0.22631438,0.5194201
-0.0042028416,0.0015648148,0.0006294872,0.032205285,-0.22826087,0.44683587
-0.0045252092,0.0015201264,0.000854893,0.037409317,-0.24303772,0.40239534
-0.0047541065,0.0015587526,0.00035818093,0.022241114,-0.26428679,0.43424119
-0.0050314665,0.0015938666,-0.00020595851,0.0094540351,-0.24779993,0.42352287
-0.0056379205,0.0018615827,-0.00044563846,0.0034659049,-0.28052861,0.46242942
-0.0054051354,0.0018709214,-0.00047344172,0.0066261727,-0.29129064,0.53458603
-0.0054647281,0.0019403257,-0.00050650693,-0.0021804693,-0.30867772,0.54225452
-0.006201962,0.0024752823,-0.00071254133,0.0012187717,-0.31922913,0.50739066
-0.0053715012,0.0028349218,-0.0015441027,-0.0069765059,-0.35513629,0.52446673
-0.0062420575,0.0026252191,-0.0021250867,-0.042118267,-0.39004839,0.54116393
-0.0063460662,0.0024963172,-0.0016918862,-0.026566922,-0.3756936,0.52326169
-0.0060845164,0.0025727313,-0.0023084582,-0.08435693,-0.37009998,0.43804283
-0.005985665,0.0026076096,-0.0020368732,-0.073054104,-0.37032476,0.49896085
-0.0062497467,0.0027844953,-0.0015757614,-0.043522939,-0.35899526,0.53925493
-0.0065582022,0.0026619784,-0.001942187,-0.058521128,-0.37777466,0.54689272
-0.0067518777,0.0028382085,-0.0017199905,-0.041616748,-0.36240478,0.55265433
-0.0068211373,0.0029509789,-0.0016486966,-0.037769166,-0.38289225,0.51019472
-0.0067263439,0.0030607701,-0.0018205104,-0.034683979,-0.35407763,0.52159746
-0.0068077947,0.0033994073,-0.0018497516,-0.015593203,-0.37079812,0.56363862
-0.006958475,0.0034765769,-0.00182466,-0.020449397,-0.37548804,0.54013931
-0.0064941755,0.0028223923,-0.0019646679,-0.035128186,-0.36724296,0.51384701
-0.006663369,0.0024203141,-0.0014090624,-0.0060131683,-0.33399983,0.51077854
-0.0066221564,0.0026631581,-0.0014414798,-0.0029339678,-0.34845505,0.52956947
-0.0067023075,0.0029068678,-0.0013924075,0.012412114,-0.33470319,0.56395528
-0.0069923918,0.0030159782,-0.0018389126,0.012220055,-0.37673175,0.61359002
-0.0072548665,0.003011774,-0.001728874,0.018484122,-0.37732897,0.65123785
-0.0074024716,0.0034685314,-0.0018841926,0.019245974,-0.39253133,0.65022068
-0.0071949071,0.0036419616,-0.0019376198,0.016069586,-0.36467405,0.6639577
-0.0078039909,0.0035626973,-0.0015140418,0.014898564,-0.39965789,0.65059593
-0.0081740367,0.0036449666,-0.0016172703,0.0076069997,-0.38832729,0.61134306
-0.0083043668,0.0031765841,-0.0014054081,-0.0085178582,-0.3884546,0.4838004
-0.0086424617,0.0026336025,-0.0020882726,-0.05630268,-0.38139304,0.3698561
-0.0086301776,0.0024981137,-0.0014721678,-0.029812521,-0.36816222,0.44138002
-0.0069003096,0.0029332107,-0.0019711498,-0.010178566,-0.39755386,0.50526475
-0.0084704039,0.003308388,-0.0018511318,-0.011912744,-0.38925081,0.53928105
-0.0075022894,0.0035697672,-0.0017632249,0.020482125,-0.37661939,0.56511735
-0.0090477983,0.004127138,-0.0029097921,-0.063535075,-0.39008439,0.58125833
-0.0093730493,0.0045496401,-0.0037089605,-0.10912742,-0.41682424,0.56386652
-0.0088704567,0.0046432256,-0.0030160064,-0.060229645,-0.40920063,0.56328169
-0.0089458779,0.0049162873,-0.0035315476,-0.077079798,-0.42518186,0.56423245
-0.0083791495,0.0037585848,-0.0027223828,-0.042678595,-0.4053955,0.48531156
-0.0083593127,0.0031781438,-0.0024682046,-0.046014224,-0.42218604,0.46601849
-0.0083392119,0.0025945535,-0.0021096642,-0.054616719,-0.40077028,0.4417694
-0.0078363325,0.0032580266,-0.0021816857,-0.028617405,-0.38434415,0.46962073
-0.0081507372,0.0033165005,-0.001821442,-0.017087685,-0.38414066,0.5086662
-0.0082324696,0.0031181776,-0.0019000519,-0.024582405,-0.40117826,0.52132101
-0.0081351754,0.0030303687,-0.0019808919,-0.03081402,-0.38532609,0.52757122
-0.0080280478,0.0033695468,-0.0020536111,-0.025672604,-0.3731755,0.52469262
-0.0086011169,0.0034183791,-0.0014566888,-0.0083707598,-0.36759638,0.51515434
-0.0087168906,0.0028928892,-0.0017022962,-0.033782894,-0.40180066,0.45597147
-0.0089598777,0.0023699379,-0.0019433648,-0.057593832,-0.35820164,0.42433178
-0.009227991,0.0020381945,-0.0021666196,-0.079834701,-0.39111022,0.4195722
-0.0092893338,0.0023267855,-0.0022157875,-0.058124882,-0.41091857,0.48279677
-0.0092716785,0.0025795948,-0.0021074857,-0.052972251,-0.395096,0.48230709
-0.0088683059,0.002852273,-0.0021102654,-0.046486428,-0.41039692,0.48707033
-0.0092440833,0.0027240229,-0.0024743216,-0.064123786,-0.4047747,0.52336473
-0.0094756766,0.0023596795,-0.0022978703,-0.062868508,-0.40499569,0.55385455
-0.0092160961,0.0025708392,-0.0024360627,-0.059393244,-0.40340247,0.54018299
-0.0096797216,0.0028043749,-0.0020432277,-0.047016415,-0.41153541,0.57762561
-0.0099561781,0.0031012051,-0.0020066311,-0.059206058,-0.44296059,0.63873242
-0.0096783213,0.0031413082,-0.0022905174,-0.066598556,-0.45104418,0.59164333
-0.0091024151,0.0025828101,-0.0021239172,-0.076991272,-0.42810422,0.4823439
-0.0089521345,0.0028918481,-0.0021066642,-0.049807709,-0.4101159,0.51565698
-0.009552283,0.0029461804,-0.0018462052,-0.047552405,-0.38834699,0.55524361
-0.01064651,0.0034509217,-0.0021215244,-0.030058598,-0.47156199,0.6631452
-0.011255346,0.0035677796,-0.0018215467,-0.052293193,-0.41241695,0.67488835
-0.011374918,0.0033573091,-0.0029693546,-0.14263509,-0.52214364,0.66706302
-0.011913171,0.0035745727,-0.0028056202,-0.11899748,-0.54607683,0.66367816
-0.011419517,0.0039128293,-0.0021144917,-0.077303905,-0.54160405,0.64723844
-0.010781497,0.0024933739,-0.0050610009,-0.18542389,-0.59734085,0.65434931
-0.0088554843,0.00096736276,-0.0058248433,-0.22818186,-0.42258752,0.51081849
-0.0095009179,0.0017757257,-0.0033311433,-0.1116684,-0.38478241,0.49304564
-0.0091796298,0.0025009252,-0.0035598736,-0.099019155,-0.36124064,0.56251264
-0.0099490919,0.0026572756,-0.0030827407,-0.081844818,-0.35255652,0.59883663
-0.00993862,0.0024162636,-0.0032418132,-0.090567237,-0.33766838,0.62698905
-0.0097912838,0.0024774461,-0.0031003119,-0.07947247,-0.34427029,0.62556044
-0.0093340306,0.002538238,-0.0032625509,-0.083989993,-0.32479523,0.59636462
-0.009961865,0.0025459302,-0.00330708,-0.090784841,-0.33513257,0.62481445
-0.0094138812,0.0021960663,-0.003755748,-0.10083286,-0.31854215,0.48958421
-0.0093334432,0.0020511142,-0.0039090218,-0.10641453,-0.26952667,0.44706241
-0.0087390095,0.002085936,-0.0040755533,-0.11240051,-0.31430043,0.50914048
-0.0091619579,0.002174392,-0.0037520474,-0.10185574,-0.28316578,0.54609958
-0.0093184469,0.0021808857,-0.0040511749,-0.10950927,-0.32203744,0.57782608
-0.0095224638,0.0019553501,-0.0043064159,-0.11356989,-0.29507156,0.61035758
-0.0095305676,0.0018983397,-0.0045096074,-0.13430167,-0.32706161,0.65462467
-0.0097594295,0.0021319167,-0.004691074,-0.14384842,-0.34736893,0.67058535
-0.0099663541,0.0022565252,-0.004832014,-0.14139521,-0.3775391,0.70372612
-0.011156136,0.00221927,-0.0045522881,-0.14212245,-0.39703694,0.72735512
-0.01103283,0.0018082148,-0.0042424645,-0.13846762,-0.37617538,0.61022936
-0.01046174,0.0019799205,-0.0040017322,-0.11776767,-0.34040913,0.61303631
-0.010085689,0.0019366231,-0.0041458911,-0.12203117,-0.30214048,0.68412497
-0.00999743,0.0015682391,-0.0043279415,-0.13399256,-0.2984927,0.72071544
-0.010453108,0.0016518001,-0.0047669242,-0.14133043,-0.33967565,0.76661426
-0.0093114664,0.0019909499,-0.0037457294,-0.10239005,-0.32471522,0.73606344
-0.0093250026,0.0018238696,-0.0035398277,-0.12800088,-0.37271381,0.7869045
-0.010735741,0.0019459341,-0.0045237038,-0.14035127,-0.41050368,0.78275628
-0.01044528,0.0021364237,-0.0040951277,-0.12789821,-0.36898289,0.77410001
-0.010621491,0.0022434548,-0.0041265959,-0.13156479,-0.41246949,0.67357738
-0.010211319,0.0021309649,-0.0037362121,-0.11716664,-0.36891547,0.64178378
-0.010578427,0.0024040159,-0.0038690317,-0.10744077,-0.39955478,0.71739709
-0.010420222,0.0027467519,-0.0036768596,-0.092998709,-0.35859091,0.72505157
-0.010450091,0.0026179926,-0.0037978701,-0.094781559,-0.35241088,0.75651425
-0.0099782577,0.0026154435,-0.0034685005,-0.083246904,-0.28862214,0.76739279
-0.010367962,0.0024153296,-0.0033512077,-0.086719737,-0.3188878,0.74886744
-0.0099710667,0.0025196239,-0.0035942807,-0.085331984,-0.34012119,0.73776708
-0.010370013,0.0022813315,-0.0036406934,-0.10389179,-0.31822379,0.74880901
-0.010343122,0.0023548127,-0.0039058994,-0.10144349,-0.34615656,0.79294446
-0.010488572,0.0022663081,-0.0037031121,-0.11162405,-0.34697729,0.72534373
-0.010192166,0.0023557453,-0.003743664,-0.11100668,-0.34595283,0.67133278
-0.010330306,0.0024019771,-0.003513426,-0.096689078,-0.32824953,0.71469402
-0.010069674,0.0025683141,-0.0035109247,-0.092309221,-0.31298017,0.70699981
-0.010729504,0.0025468529,-0.0037770891,-0.099949153,-0.33039277,0.73190403
-0.010217982,0.0027149753,-0.0038556111,-0.095076179,-0.30652233,0.76025141
-0.011400436,0.002677092,-0.0035724003,-0.079178229,-0.3520173,0.78566213
-0.0059744915,0.0035371551,-0.0049868663,-0.12091128,-0.1940608,0.71966456
-0.0065054434,0.003917752,-0.0056174469,-0.15400422,-0.3085293,0.74127065
-0.0088541236,0.0035598104,-0.0042719001,-0.066749491,-0.34098601,0.76030402
-0.009659834,0.0033004732,-0.0047765014,-0.079637629,-0.39841464,0.76245621
-0.010841169,0.0034132831,-0.0051516006,-0.14916368,-0.41624428,0.77336146
-0.0096386506,0.0033041834,-0.0041426919,-0.072533352,-0.40321375,0.79546244
-0.01034097,0.0035828623,-0.0037774014,-0.057424615,-0.35191781,0.77823349
-0.010369567,0.0037579607,-0.0040551229,-0.048962549,-0.40417085,0.82912632
-0.010319867,0.0036981775,-0.0037838003,-0.047730884,-0.38027042,0.81073508
-0.009752699,0.0032086696,-0.0042010671,-0.082166414,-0.37109114,0.78926138
-0.01058924,0.0034562772,-0.0040361568,-0.070486228,-0.35505225,0.80240076
-0.010487132,0.0036195977,-0.0043312323,-0.062575585,-0.36292907,0.85084961
-0.010925925,0.0031902542,-0.0038242514,-0.080765904,-0.38826675,0.77198883
-0.010502929,0.0031493076,-0.0040564935,-0.10373405,-0.37417759,0.65711499
-0.010703622,0.0027858346,-0.004126477,-0.14599628,-0.27884818,0.58767779
-0.0098724656,0.0031106052,-0.003644005,-0.093755317,-0.38255615,0.65187676
-0.010358792,0.0036790805,-0.0041396516,-0.091011039,-0.36398641,0.69650043
-0.010742309,0.0036058945,-0.0038462206,-0.080413694,-0.35391975,0.70592007
-0.010075715,0.0039766082,-0.0044300215,-0.086674831,-0.41198812,0.7218045
-0.0098630737,0.0037269008,-0.0046479045,-0.10925735,-0.41192696,0.69671726
-0.010025073,0.0038756237,-0.005047916,-0.11175195,-0.44860761,0.67715876
-0.010773237,0.0038036969,-0.004720358,-0.096668512,-0.45209985,0.67257808
-0.010367737,0.0042149892,-0.0049552926,-0.10009357,-0.46003555,0.67507821
-0.010398919,0.0041918929,-0.0052903964,-0.1391325,-0.44619656,0.67800189
-0.01047885,0.0041459217,-0.0051850493,-0.14245692,-0.45582965,0.65708464
-0.010176975,0.0039320259,-0.0053558544,-0.14176462,-0.44710375,0.6422768
-0.0095261812,0.0035137084,-0.0055568469,-0.15982677,-0.3997408,0.48599065
-0.010173965,0.0038253999,-0.0052306009,-0.13949896,-0.42756392,0.53220502
-0.010463604,0.0040516363,-0.0050639328,-0.12427912,-0.41942295,0.53571757
-0.010769098,0.004215172,-0.0049348261,-0.11226381,-0.43983333,0.5811704
-0.011422929,0.0043219617,-0.0049804276,-0.088302699,-0.4379888,0.60643223
-0.011189475,0.0042739463,-0.0049240125,-0.084297358,-0.47225694,0.64804028
-0.011050234,0.0028267602,-0.0053607588,-0.15426917,-0.40829252,0.38500099
-0.011085981,0.0012409821,-0.0056267335,-0.16153542,-0.39777017,0.42105939
-0.010802926,0.0012795519,-0.0058193481,-0.16344333,-0.36168212,0.55207115
-0.010831842,0.0020556443,-0.0057669733,-0.13830352,-0.35236236,0.55109345
-0.011073303,0.0022616906,-0.0053457549,-0.11672431,-0.3727455,0.61743729
-0.011298828,0.002374207,-0.0050575012,-0.10739676,-0.38810423,0.61356512
-0.011316472,0.0028130367,-0.0051477292,-0.097709693,-0.36457352,0.66691879
-0.011880845,0.0027186504,-0.0050900326,-0.092095317,-0.37195349,0.67905742
-0.011365586,0.0026575561,-0.0054688539,-0.12559186,-0.40172203,0.66188364
-0.011319116,0.001569189,-0.0053418547,-0.13352986,-0.40575142,0.48520956
-0.011005811,0.001161969,-0.0060522153,-0.15323863,-0.37166767,0.48621452
-0.011411048,0.0012945184,-0.0060857467,-0.16328452,-0.32205744,0.54192729
-0.011322849,0.0015684918,-0.0059553146,-0.15452879,-0.36671271,0.54650058
-0.011299821,0.0012859845,-0.0059646585,-0.17807035,-0.35576145,0.49974779
-0.010931847,0.0015116195,-0.005676855,-0.14631742,-0.35356109,0.54373702
-0.010710196,0.0022200393,-0.0057992874,-0.13957663,-0.29684322,0.52732797
-0.010989253,0.0023092552,-0.0057533922,-0.13654651,-0.31867652,0.55682616
-0.011192651,0.0025001815,-0.0055434871,-0.12499768,-0.33243763,0.5802352
-0.011060406,0.0020376048,-0.0055886715,-0.14149738,-0.35827744,0.56180083
-0.010704588,0.0018846257,-0.0056937961,-0.1637536,-0.3728684,0.52047598
-0.010580965,0.0018717764,-0.0060055336,-0.17302983,-0.37398477,0.5423041
-0.010675324,0.0020748888,-0.005768855,-0.16312231,-0.35814701,0.56309385
-0.010701744,0.0022046116,-0.0057460141,-0.1516166,-0.36636648,0.5881993
-0.011502816,0.0024836186,-0.0057410011,-0.15200091,-0.3471836,0.5974961
-0.011646939,0.0025821722,-0.0057465617,-0.15000628,-0.36332248,0.60506749
-0.012199125,0.0027896264,-0.005879652,-0.15296872,-0.3601105,0.59360857
-0.013006303,0.0032976078,-0.0059988209,-0.15250413,-0.40226707,0.59707815
-0.012853673,0.0033833895,-0.0058333464,-0.13317566,-0.39945833,0.60326554
-0.01283936,0.0034289792,-0.0057110663,-0.13942765,-0.41962058,0.59969279
-0.012198641,0.002502556,-0.0060120673,-0.17899321,-0.39057347,0.38314604
-0.011643294,0.0024460662,-0.0061136666,-0.17423227,-0.39473428,0.41599624
-0.011628904,0.0025756899,-0.0056858564,-0.15456538,-0.36274783,0.4783873
-0.011628513,0.0025568208,-0.0058124037,-0.13858978,-0.36099878,0.56200025
-0.011425755,0.0026665194,-0.0054743076,-0.1302705,-0.33724661,0.56770485
-0.011120808,0.0026031603,-0.0054821075,-0.12326501,-0.3358031,0.5751839
-0.011296202,0.0031261776,-0.0052770122,-0.1024346,-0.34135187,0.59897656
-0.011757526,0.0033720074,-0.005378125,-0.10718862,-0.31869194,0.56275751
-0.011831205,0.0032925614,-0.0054446146,-0.11866139,-0.31655318,0.59565588
-0.011837234,0.0033114889,-0.005627861,-0.12574022,-0.32106039,0.60851187
-0.012025727,0.003241039,-0.0056995905,-0.1375286,-0.29363863,0.63587551
-0.012725434,0.0030401291,-0.0054320025,-0.11853935,-0.34553958,0.68669601
-0.012179623,0.0033768629,-0.0054181637,-0.11311531,-0.30591591,0.66731097
-0.01224029,0.0035634391,-0.005581496,-0.11785498,-0.30450743,0.66528754
-0.012307716,0.0037881826,-0.0054858516,-0.11329,-0.28157415,0.65348916
-0.012211268,0.003949675,-0.005336445,-0.10924632,-0.2803491,0.63509658
-0.012328656,0.0039967863,-0.0054413701,-0.10731448,-0.28005502,0.67831402
-0.012393535,0.0038147503,-0.0053917382,-0.11074322,-0.30567748,0.67277223
-0.012519116,0.0036402818,-0.0056972949,-0.12513181,-0.28781134,0.55445944
-0.012317747,0.0039000621,-0.00570701,-0.11987313,-0.32059882,0.55002888
-0.013844743,0.0042831541,-0.0060051051,-0.13850302,-0.32466144,0.50132887
-0.014613649,0.0041142668,-0.0064217129,-0.13617968,-0.37962549,0.46070957
-0.014740524,0.0044303216,-0.0060293346,-0.13718551,-0.21021018,0.47947009
-0.0148327,0.0048699852,-0.0067561001,-0.12505113,-0.36131333,0.55906981
-0.015169268,0.0048572949,-0.0059913739,-0.10007254,-0.26026278,0.56282132
-0.01475646,0.0048000476,-0.0062026983,-0.10167674,-0.38494755,0.60431899
-0.014828212,0.0049615527,-0.005672535,-0.073884552,-0.30154019,0.59829917
-0.014454303,0.0044224365,-0.0058622743,-0.096385833,-0.37989715,0.56985864
-0.014508175,0.0039412802,-0.0061414308,-0.13379369,-0.343737,0.478281
-0.013985896,0.0038329547,-0.0053971841,-0.10079666,-0.30377758,0.47252168
-0.014374951,0.0040727879,-0.0058377644,-0.098291328,-0.38119974,0.51687755
-0.01494622,0.0042360756,-0.0058595947,-0.10959851,-0.34026168,0.54347548
-0.014911643,0.0046235529,-0.0060412704,-0.086033715,-0.38079139,0.5947334
-0.014777901,0.0046638374,-0.0058134367,-0.07814428,-0.39128856,0.63124124
-0.014621821,0.0048166775,-0.0057525738,-0.069102628,-0.40166127,0.62145692
-0.014996631,0.0048713738,-0.0057124374,-0.067098157,-0.4045935,0.61291906
-0.014974626,0.0050355128,-0.0058562884,-0.07520089,-0.3981937,0.56937859
-0.01602214,0.0041784615,-0.0058886338,-0.1029188,-0.44305712,0.52396555
-0.015866441,0.0038861714,-0.0061553585,-0.1032238,-0.40388482,0.52968854
-0.015719421,0.0041770613,-0.0058345397,-0.075541448,-0.38319246,0.55298839
-0.015432437,0.0048110346,-0.0054215105,-0.043563499,-0.36525963,0.54782188
-0.015708053,0.0047619186,-0.0053770858,-0.045569761,-0.34274227,0.59721225
-0.015883717,0.0045533758,-0.0052845538,-0.041511436,-0.37259658,0.60737807
-0.016082427,0.004621031,-0.0050499844,-0.029468379,-0.36016494,0.6504173
-0.015853698,0.0048917843,-0.0052620108,-0.023614943,-0.35303596,0.68575628
-0.015797967,0.0047213494,-0.0050783717,-0.032751729,-0.37521203,0.66638537
-0.015370192,0.0042851507,-0.0052424349,-0.058041308,-0.39673962,0.61862037
-0.013688215,0.0037745349,-0.0057130428,-0.10101576,-0.38826474,0.40313127
-0.013709717,0.003574017,-0.0057587221,-0.12148136,-0.34211535,0.38618803
-0.013660711,0.0041190648,-0.0059861594,-0.10564186,-0.34843644,0.47686117
-0.012149759,0.0040810127,-0.0056322329,-0.110087,-0.30823261,0.55633171
-0.012701481,0.004171517,-0.0060045804,-0.10184181,-0.40557927,0.66090111
-0.012700778,0.0043036377,-0.0051917302,-0.086168474,-0.3164861,0.6030213
-0.012623264,0.0043979887,-0.004961436,-0.084198301,-0.38884895,0.68866224
-0.013322547,0.0045992707,-0.00499494,-0.081739814,-0.37811154,0.71842995
-0.014021606,0.0044107609,-0.0053228412,-0.10177243,-0.42744719,0.70770039
-0.013791413,0.0032066723,-0.006311628,-0.14724986,-0.3925967,0.37488986
-0.012962379,0.0033364417,-0.0063007344,-0.12238413,-0.35889676,0.40185945
-0.012446759,0.0031178226,-0.0066422354,-0.13958772,-0.33175887,0.42979967
-0.012656096,0.003737399,-0.0058004489,-0.10615615,-0.32289591,0.48010614
-0.013284883,0.0041688695,-0.0052116002,-0.067534696,-0.35261195,0.54583305
-0.013961931,0.0039781986,-0.004834409,-0.08276819,-0.36197896,0.56087761
-0.014091876,0.004263944,-0.0047445646,-0.059829352,-0.41480504,0.57484677
-0.014446406,0.004186391,-0.0046114149,-0.064764951,-0.38620888,0.5642835
-0.014313923,0.0042782716,-0.0045348944,-0.055333612,-0.42616747,0.57069616
-0.014342279,0.0041384696,-0.0044625157,-0.062561387,-0.40878782,0.56865183
-0.013114302,0.0031448044,-0.0046356366,-0.084320555,-0.40065427,0.38175913
-0.012767561,0.0031005164,-0.0049309572,-0.092413431,-0.35613466,0.36491627
-0.012888189,0.0031938488,-0.0049368293,-0.082558706,-0.38838917,0.42936956
-0.012732905,0.003522665,-0.004984887,-0.09247282,-0.33854034,0.44837294
-0.012685519,0.003875081,-0.0044914927,-0.069914134,-0.37733924,0.49091747
-0.012870387,0.0039629495,-0.0042138815,-0.066107912,-0.38846634,0.52320887
-0.013277562,0.0042725018,-0.0044930668,-0.068507229,-0.44553477,0.54652716
-0.013199495,0.0041853886,-0.0045740154,-0.067725802,-0.42335138,0.5391509
-0.013505867,0.0040008094,-0.0047407405,-0.07849177,-0.44386932,0.58467535
-0.013726871,0.0038747994,-0.0046707749,-0.081623927,-0.44384332,0.62911979
-0.01329021,0.0039491562,-0.0046198681,-0.07537699,-0.46207077,0.65744049
-0.012948314,0.0040179305,-0.0046498405,-0.076927922,-0.4469381,0.65361006
-0.012786235,0.0040036842,-0.0047508698,-0.074740837,-0.46625382,0.64870683
-0.012917227,0.0041734208,-0.0047874385,-0.061620696,-0.42843492,0.61724613
-0.012973885,0.0041293206,-0.0049188738,-0.055540584,-0.4407387,0.6506939
-0.013159145,0.0040922724,-0.0049218127,-0.054727708,-0.43981167,0.67834167
-0.013461298,0.0038498637,-0.0047364756,-0.056413697,-0.45196927,0.69373424
-0.013333935,0.0039363378,-0.0046792893,-0.047662072,-0.43420101,0.7593903
-0.013127866,0.0039249299,-0.004787051,-0.047793067,-0.44384984,0.7769116
-0.012668259,0.0034549154,-0.0050629636,-0.071198995,-0.43741345,0.63422482
-0.012524619,0.0030422259,-0.0054884671,-0.099997082,-0.41019023,0.53373762
-0.013072257,0.0031591988,-0.0055511065,-0.098246023,-0.40688505,0.58090382
-0.012019824,0.0037042069,-0.0057095175,-0.090260699,-0.39395562,0.62517803
-0.010308443,0.0041485387,-0.0056504299,-0.071714464,-0.38675563,0.60909774
-0.010762426,0.0041673165,-0.005396307,-0.071883019,-0.36562784,0.58433009
-0.010932036,0.0042793515,-0.0051438226,-0.066355859,-0.37667829,0.60910923
-0.011247978,0.0044455998,-0.0053217704,-0.080220087,-0.40829621,0.60499248
-0.011653492,0.0045537243,-0.0046767505,-0.056302596,-0.37441187,0.61438348
-0.013485989,0.0042579776,-0.0055071242,-0.096728096,-0.42711057,0.55857756
-0.012923259,0.0031588745,-0.0059502032,-0.14473027,-0.48820269,0.50638562
-0.011803931,0.002987994,-0.005453566,-0.10823732,-0.36331172,0.46701642
-0.012261762,0.0033527626,-0.0056672081,-0.10949212,-0.34106455,0.51420974
-0.012823802,0.003840046,-0.0054986228,-0.093070451,-0.37902713,0.55616581
-0.01337697,0.0040486094,-0.0055817526,-0.093365415,-0.39692516,0.64599285
-0.012861755,0.0038987632,-0.0054530455,-0.090803801,-0.45755571,0.63206239
-0.012968831,0.004333541,-0.0051951393,-0.06472522,-0.3878918,0.60676039
-0.01312154,0.0039759479,-0.0052251914,-0.083905808,-0.36817122,0.63212613
-0.012726951,0.0037937076,-0.0059324978,-0.09471465,-0.47017462,0.65030463
-0.011926264,0.0033719544,-0.0059624381,-0.1081653,-0.42389872,0.51677553
-0.011647308,0.0036556545,-0.0055616467,-0.083462093,-0.44097117,0.41812721
-0.012167549,0.0037134456,-0.0053647136,-0.095213848,-0.42380906,0.46148429
-0.012834907,0.0044811734,-0.0055857206,-0.065022033,-0.51212465,0.54990686
-0.013486214,0.0038939668,-0.0052784303,-0.092218067,-0.48258099,0.59419744
-0.013002462,0.0040304057,-0.0053548899,-0.079359524,-0.54548263,0.63448468
-0.013727794,0.0039526892,-0.0046451137,-0.086857066,-0.436208,0.61817177
-0.013370458,0.0042802855,-0.0047990232,-0.065692804,-0.5987139,0.67769098
-0.014157357,0.0041366157,-0.0048730105,-0.094514681,-0.43732739,0.6519521
-0.014926593,0.0038039534,-0.0050554097,-0.10656547,-0.54559854,0.70496127
-0.015696164,0.003608873,-0.0044808789,-0.085477207,-0.57119102,0.60003882
-0.014356222,0.0026920904,-0.0053837102,-0.13633644,-0.58890554,0.39613763
-0.013474756,0.0026731844,-0.0052744074,-0.14549021,-0.4503995,0.34167311
-0.01254858,0.0035713301,-0.0050908446,-0.091363692,-0.46618813,0.41287514
-0.01325666,0.0029271521,-0.0051316137,-0.11887663,-0.41180696,0.45451024
-0.013474611,0.0028763352,-0.0059744037,-0.14425584,-0.5142989,0.51923918
-0.013878282,0.003282025,-0.0058101267,-0.14787798,-0.3860008,0.50399967
-0.013661501,0.0028540448,-0.0054973752,-0.15428245,-0.4623509,0.55730427
-0.013067659,0.0029570332,-0.0051524831,-0.13034901,-0.44059409,0.41351708
-0.013122112,0.0030664777,-0.0050710841,-0.1120179,-0.43554587,0.43356848
-0.013060242,0.0031091208,-0.0053663569,-0.13375476,-0.42951512,0.40960426
-0.012868792,0.003572719,-0.0057349396,-0.14140451,-0.45330049,0.47390595
-0.012816948,0.0035976006,-0.0050255967,-0.11250945,-0.41139617,0.48552802
-0.012707454,0.0033781983,-0.0054153631,-0.1453278,-0.4515076,0.44377666
-0.01229409,0.0025926886,-0.0060827664,-0.19977954,-0.38776997,0.33612524
-0.010799722,0.0015157255,-0.0057221834,-0.17220487,-0.33096998,0.11846301
-0.010929212,0.0028516725,-0.0053372819,-0.11582651,-0.37882585,0.20483724
-0.011655489,0.0029085593,-0.0048768623,-0.11571417,-0.34570545,0.25102516
-0.011483952,0.0031468441,-0.0049631007,-0.098364932,-0.38189259,0.31895959
-0.01133405,0.0028165156,-0.004981445,-0.11392753,-0.33831922,0.29957016
-0.010158209,0.0024756508,-0.0052712964,-0.102937,-0.35262908,0.22852401
-0.009135078,0.0020907921,-0.0058420193,-0.13318272,-0.2894619,0.18443363
-0.0094905728,0.0021902615,-0.005935414,-0.14542341,-0.28755551,0.19284207
-0.0096855932,0.0025978777,-0.0055730722,-0.11486875,-0.24043376,0.1851477
-0.010081123,0.0030785355,-0.0053771633,-0.091916361,-0.28131942,0.26778763
-0.01020836,0.003008522,-0.0049392273,-0.084085405,-0.27153849,0.30680964
-0.010475389,0.0032968422,-0.0046705115,-0.068622428,-0.26608441,0.33752218
-0.010303179,0.003052458,-0.0045506121,-0.0782527,-0.26333429,0.35918111
-0.010546384,0.0030953873,-0.0044831792,-0.076426702,-0.27074728,0.37180491
-0.010128467,0.002437626,-0.0052259288,-0.11808013,-0.32924875,0.35543425
-0.0090405198,0.0015324129,-0.006067354,-0.15888351,-0.24197534,0.14058388
-0.0088784718,0.0017456607,-0.0064450469,-0.15001936,-0.31630243,0.14694608
-0.0093423495,0.0018607035,-0.0063626786,-0.14383345,-0.23643375,0.14001761
-0.0092171964,0.0023335236,-0.0056845282,-0.11362341,-0.25736096,0.18422415
-0.0090590438,0.0020156266,-0.005819334,-0.11772984,-0.30036732,0.14545654
-0.008307686,0.0020760747,-0.0058351943,-0.10586592,-0.25797902,0.14053361
-0.0096305998,0.001744823,-0.0061363511,-0.1317344,-0.2500727,0.13950928
-0.0087331202,0.0022332694,-0.0059730497,-0.12967988,-0.20520677,0.092959258
-0.012630351,0.0017178539,-0.0068073007,-0.14451353,-0.26067697,0.16963468
-0.015003439,0.0011657212,-0.0070456654,-0.16051283,-0.20455222,0.15073287
-0.013888372,0.001498678,-0.006802921,-0.19215842,-0.17380722,-0.081069485
-0.014459616,0.00059518233,-0.0084474486,-0.25921551,-0.14098688,-0.24813713
-0.013272258,0.00015654271,-0.0087987949,-0.27234285,-0.17344146,-0.13629721
