0,0,0,0,0,0
-0.001284956,-0.00040191199,4.155524e-05,0.028900095,-0.049659924,0.056485422
-0.00084515468,-0.00052828286,0.00034811316,0.029536815,-0.019392222,0.022128728
-0.0010463462,-0.00062136579,0.00042602902,0.035305538,-0.040880737,0.036215516
-0.00098165763,-0.00061719416,0.00030619299,0.048372899,-0.048944318,0.02049809
-0.001063955,-0.0011311124,0.00068185088,0.055880181,-0.012568912,0.033150941
-0.0023344814,-0.0012238609,0.00082565242,0.090047713,-0.044166474,0.077167106
-0.0026477484,-0.0017716208,0.0013774944,0.10128654,-0.0057632087,0.12016393
-0.0030083391,-0.0023258231,0.0018934295,0.13562392,-0.057369526,0.13045114
-0.0022651314,-0.0021504197,0.0020116041,0.13054522,-0.030181554,0.08540332
-0.0032117271,-0.001945169,0.0019368326,0.13454393,-0.060048084,0.089865037
-0.0020175698,-0.0018278133,0.0019718423,0.10682008,-0.011802541,0.037927497
-0.0025901803,-0.0024226543,0.0013747272,0.12557256,-0.10033421,0.061421409
-0.0014922335,-0.0019567175,0.0014976671,0.11663892,-0.011238993,0.030086974
-0.0024522236,-0.0024728909,0.0012094746,0.11272894,-0.056227552,0.087689675
-0.0017626743,-0.0022626854,0.0010047729,0.10924615,-0.054317424,0.059647428
-0.0015147004,-0.002679693,0.0014429474,0.10816723,-0.025793037,0.045172635
-0.0020647822,-0.0028226967,0.0013002277,0.12611307,-0.050355306,0.031566667
-0.001876672,-0.002404241,0.0015722134,0.098396726,-0.00026489044,0.038311008
-0.0029048653,-0.0025185504,0.0010913824,0.10824512,-0.069508935,0.023033761
-0.002039871,-0.0022003053,0.0014803395,0.092772067,-0.0018851336,0.014692611
-0.0027481129,-0.0024766814,0.0014230487,0.11337312,-0.058037162,0.01519806
-0.0021777677,-0.0021216795,0.0015628981,0.11054003,-0.017972126,0.033641461
-0.0029836219,-0.0024059767,0.0017675652,0.12957706,-0.054887545,0.082634067
-0.0023712987,-0.0019669802,0.001703928,0.10311004,-0.0032698711,0.049582313
-0.0030655138,-0.0023757475,0.0018160717,0.11703935,-0.031333119,0.075568937
-0.0026865354,-0.0023898179,0.0017283594,0.11934372,-0.0027239515,0.041882736
-0.003120192,-0.0023060044,0.0015880776,0.10647794,-0.029002215,0.08008554
-0.0034351,-0.0024806313,0.0010901572,0.12996715,-0.086467119,0.055059512
-0.0022089708,-0.0022714977,0.0013170404,0.095862187,0.016782281,0.03535588
-0.0034221631,-0.0024853033,0.00116243,0.10938031,-0.065004594,0.064275497
-0.0032880489,-0.0019049105,0.0013499332,0.093230469,-0.015935986,0.096634611
-0.0034529177,-0.0021107387,0.0017435964,0.11562696,-0.034252018,0.089195403
-0.003145671,-0.0018668734,0.0015633172,0.10918662,-0.0093105441,0.053828892
-0.0034766133,-0.0020427158,0.0016328078,0.10712668,-0.0055250572,0.098412987
-0.0036156053,-0.0019777449,0.0016286959,0.11686464,-0.026851113,0.10184968
-0.0031276741,-0.0016119932,0.0015661792,0.081717865,0.023442181,0.12855828
-0.0038869005,-0.0022500109,0.0013290802,0.1093848,-0.044173832,0.11423434
-0.0027721085,-0.0018969461,0.001453222,0.089432876,0.038687082,0.053418833
-0.0038980401,-0.0025452435,0.0014134363,0.11494718,-0.031610014,0.097323816
-0.002990913,-0.0021784494,0.0014848179,0.11217517,-0.0086077875,0.049477077
-0.003302035,-0.0020225644,0.0018824209,0.10819176,-0.018217453,0.095720375
-0.0034646088,-0.0024331883,0.0019158276,0.12659655,-0.028590244,0.058401339
-0.0024798907,-0.0023669404,0.0020042664,0.11558125,0.015007279,0.029774391
-0.0031633191,-0.0027832809,0.0016954974,0.13727854,-0.05004466,0.041141925
-0.0029408696,-0.002483365,0.0016392392,0.11795139,-0.012692601,0.052752612
-0.0027582508,-0.002357302,0.0018072667,0.095270647,0.013936687,0.087205931
-0.0035086429,-0.0024723136,0.0017261523,0.10775006,-0.016180817,0.075563155
-0.0025561506,-0.0021099621,0.0016505011,0.088067491,0.018362856,0.054785848
-0.0034564841,-0.0022928054,0.0014281477,0.10093233,-0.02324234,0.070144363
-0.0026831718,-0.0017638208,0.0016632744,0.092563967,0.017023865,0.046532691
-0.0035315004,-0.002180111,0.0016492725,0.1147524,-0.029989941,0.1009648
-0.0029286627,-0.0015163378,0.0018110681,0.10652453,-0.010001212,0.05003694
-0.004238952,-0.0019440117,0.0016110742,0.11268661,-0.020296721,0.13577542
-0.0038102676,-0.0021074176,0.0015773915,0.11994803,0.0151637,0.060107461
-0.0036947853,-0.001889727,0.0015923073,0.10221144,0.024343131,0.052784446
-0.0039287775,-0.0020762234,0.0014101732,0.12079258,0.0044383738,0.033252063
-0.0032390567,-0.0019853204,0.0014756094,0.094914951,0.041453118,0.054479341
-0.0042661209,-0.002297374,0.0012050882,0.12130578,-0.017825525,0.076857486
-0.002979866,-0.0017894987,0.0014762411,0.090912033,0.055261428,0.030364895
-0.0039873071,-0.0023998749,0.0011104249,0.10390649,-0.038576296,0.053968151
-0.0035391981,-0.0021308465,0.0012020321,0.099546459,0.016068947,0.021330197
-0.0037374201,-0.0024473659,0.0013352188,0.11667347,0.018453711,0.047774243
-0.0034367013,-0.0021361135,0.0011309746,0.10388153,0.0041653342,0.0036691196
-0.003214799,-0.0020175286,0.0011287074,0.086087969,0.027932896,0.035522385
-0.0035498853,-0.0018851332,0.0011531974,0.099575818,-0.0028573689,0.052402711
-0.0028707027,-0.0017590573,0.0013926404,0.083414426,0.056638837,0.082778391
-0.0041839379,-0.0023255474,0.0011823216,0.097591366,-0.028544567,0.072633791
-0.0034496537,-0.0017088684,0.0013211094,0.074696661,0.052653312,0.053739466
-0.0039057108,-0.0018409874,0.00093845536,0.067679665,0.043439689,0.060064013
-0.0033931923,-0.0017063865,0.00087195332,0.08381368,0.045779478,-0.0014616544
-0.0032199101,-0.0017469071,0.00082692841,0.077953148,0.0278741,0.058774355
-0.0035609436,-0.0019098952,0.00064979439,0.092765396,-0.012034509,0.062072944
-0.0033582949,-0.0016277694,0.0006490023,0.066877255,0.026498101,0.066026602
-0.0037057555,-0.0018598337,0.00024720303,0.080102097,-0.0089408913,0.060403421
-0.0030884567,-0.0017465621,0.00034666089,0.054900025,0.046546251,0.0086994182
-0.0034711124,-0.0019718822,0.00014748604,0.067132705,0.0086783537,0.032299077
-0.0031155438,-0.0013258903,0.00050912054,0.054781904,0.030310628,0.0016264808
-0.0036750357,-0.0016274286,0.00034047818,0.052870043,0.0299375,0.03952678
-0.0048271984,-0.0017539887,-6.6289422e-05,0.07256049,-0.045057007,0.028148119
-0.0032046808,-0.00128196,0.00080936222,0.075196049,0.041842136,0.0052310265
-0.0039493998,-0.0016821742,0.00068681878,0.08432602,0.0016751177,0.043441795
-0.0034016367,-0.0012797662,0.00095580925,0.077813525,0.032551019,0.038618762
-0.0042758412,-0.0014046862,0.0008016873,0.073699361,0.019256389,0.076879518
-0.0036979816,-0.0013151807,0.00089015474,0.071524263,0.052874734,0.019056681
-0.003555547,-0.0013231072,0.00074771799,0.060629873,0.041276543,0.011674774
-0.0034411447,-0.0014833347,0.00073250707,0.076969766,0.044745138,-0.0010624569
-0.0033916385,-0.001645174,0.00084707516,0.063573239,0.047014637,0.064159516
-0.003862821,-0.0014059877,0.0010458053,0.08358874,0.013357518,0.075467278
-0.0036856709,-0.0012866701,0.0010727639,0.068554827,0.039187372,0.086869002
-0.0042616554,-0.0013100344,0.0010784148,0.082710209,-0.011849152,0.056518186
-0.0032456235,-0.0011160397,0.0012426221,0.070386346,0.067545809,0.025626956
-0.0041562031,-0.001422893,0.00066945107,0.075265397,0.0022374088,0.021373348
-0.0028559609,-0.0011950645,0.00077578064,0.064767367,0.072047016,-0.021008312
-0.0032829697,-0.0014686862,0.0009386218,0.072588025,0.051137369,0.036471758
-0.0035043172,-0.0015259284,0.0010543754,0.087613199,0.036705177,0.040653288
-0.0034828458,-0.0014243359,0.0011500817,0.073715623,0.062623711,0.054793497
-0.0038042331,-0.0014324805,0.001052948,0.078104877,0.046495156,0.044895367
-0.0028680067,-0.0010429682,0.0011533875,0.055165113,0.079469235,-0.00058729001
-0.0044466699,-0.0014983606,0.00071172746,0.058313155,0.0099351046,0.042089775
-0.0050025047,-0.0017131395,-0.0002115517,0.039223318,-0.12874322,0.098192877
-0.0043732151,-0.0014504746,7.252578e-06,0.058111366,-0.029704448,-0.0084761888
-0.0030542269,-0.0010238764,0.00085264078,0.063738915,0.089187904,-0.029046531
-0.0033482206,-0.0013366654,0.00076186202,0.067329168,0.052784073,0.033928433
-0.0029500767,-0.0010681448,0.00089674929,0.068816566,0.087955291,-0.015321435
-0.0031338775,-0.0010280162,0.0010135894,0.064493457,0.077551609,0.025545822
-0.0031114227,-0.0011793255,0.00093855111,0.073212177,0.077279267,-0.0065860346
-0.0024401473,-0.0010066006,0.0010071862,0.060495538,0.068497962,0.02455012
-0.0031623375,-0.0012983399,0.00092821094,0.079492477,0.025918972,0.0097335992
-0.0023094722,-0.00086985981,0.0013234188,0.072850917,0.060410739,-0.0046444992
-0.0032908424,-0.0011203041,0.0012460941,0.079886693,0.020541815,0.012048523
-0.002777736,-0.00069927244,0.0014962626,0.087594182,0.042595455,-0.01575607
-0.0025142047,-0.0006536768,0.0014795543,0.074750172,0.040653768,-0.01677409
-0.0031750867,-0.00067709305,0.0012531938,0.097275793,0.016176358,-0.041131005
-0.0019109654,-0.00010958072,0.0015320542,0.076243889,0.063171307,-0.055845917
-0.0029162063,-0.00041809554,0.0011257373,0.080138263,0.010318657,-0.030117763
-0.0020071792,-0.00030291853,0.0013751461,0.075347492,0.053910169,-0.072985142
-0.0026900924,-0.00054542003,0.0011893703,0.067542487,0.021599586,-0.036957678
-0.0021157003,-4.5667725e-05,0.00092468092,0.05919017,0.034201242,-0.10969668
-0.0024108406,-2.4461189e-05,0.0010969433,0.060947591,0.05292319,-0.076455268
-0.0028907087,-6.395797e-05,0.001236501,0.092771714,0.013264342,-0.084109308
-0.0025322651,0.00010083212,0.0015812888,0.093426806,0.062599349,-0.046843711
-0.0036126712,-1.6720218e-05,0.0014548611,0.11197485,0.016656593,-0.052600035
-0.0019939828,0.00037555189,0.0020458902,0.1033325,0.073415777,-0.087511254
-0.0028783215,-0.00015943605,0.0017980922,0.11440285,0.023513302,-0.066052699
-0.0018384389,0.00023051968,0.0018263657,0.10154188,0.077886969,-0.05511684
-0.0028868312,-0.00036575434,0.0017063216,0.10972374,0.05425243,-0.0093898829
-0.002871037,-9.774304e-05,0.0016288658,0.10625169,0.074536394,-0.050588949
-0.0025493287,5.5432993e-05,0.0016599911,0.093720245,0.072548,-0.044319061
-0.0033457633,0.00013985237,0.0014015448,0.097511789,0.041243166,-0.045514571
-0.0020265129,0.00035465083,0.0017527768,0.083500205,0.091704582,-0.051428508
-0.003290706,5.6430766e-05,0.0013594678,0.091128749,0.037939382,-0.02161894
-0.0024424431,0.00024191497,0.0015523027,0.093510614,0.065355909,-0.066784035
-0.0028078538,0.00026006379,0.0013834405,0.074804255,0.026052053,-0.051223345
-0.0029885684,0.00022883582,0.001097565,0.087783468,0.045099115,-0.10460628
-0.0028254028,0.00064187873,0.0010362514,0.066102435,0.10047205,-0.074608759
-0.0017504545,0.00032861401,0.0010568652,0.098885301,0.029683821,-0.19534509
-0.0011381606,0.00065623557,0.0016342131,0.09125011,0.070585643,-0.1649288
-0.0021486265,0.00057042958,0.0012963327,0.097172686,0.027322095,-0.14981041
-0.00088287886,0.00065804192,0.0014147279,0.096141279,0.059915113,-0.19083148
-0.0016483061,0.00032605546,0.0013556505,0.10657356,0.012756164,-0.10921455
-0.0014563295,0.00019233499,0.0011459624,0.09372434,0.049682222,-0.14304846
-0.0024864069,0.00011309189,0.0011313869,0.097118733,0.036906739,-0.077880708
-0.0022727793,0.00042914371,0.0008231312,0.080512013,0.064669066,-0.15277751
-0.0024359368,0.00018253353,0.00071344902,0.068761751,0.097646901,-0.11811037
-0.0031260826,-8.1021899e-06,0.00045598963,0.078453206,0.053798146,-0.11830756
-0.002324963,0.00014030678,0.00048676569,0.049761668,0.10456402,-0.1092426
-0.0034628321,-0.00027704827,0.00020138133,0.062381812,0.053719521,-0.097247138
-0.002902562,0.00010766145,0.00039492037,0.056122549,0.08821338,-0.093139003
-0.0036166018,-6.6851347e-06,0.00011684523,0.06251813,0.045510412,-0.065005346
-0.0027523632,-3.7681859e-05,0.00034893021,0.058734943,0.10215635,-0.11117472
-0.0034837674,-0.0003885685,0.00029224709,0.07523295,0.049017379,-0.074973897
-0.0029580935,0.00010494397,0.00054311504,0.062489369,0.097226822,-0.10785672
-0.0035209742,1.8713786e-05,0.00054659183,0.063364596,0.077406962,-0.080321171
-0.0032286028,0.0001873066,0.00044320586,0.048643076,0.10975224,-0.1106277
-0.0032285585,0.00037333049,0.00024383225,0.031715341,0.10359912,-0.08785368
-0.003049775,0.00022473997,-9.2313652e-05,0.044587917,0.076240288,-0.13387867
-0.0031664543,0.00042358996,4.4557784e-05,0.029737301,0.11230088,-0.05993436
-0.0041789132,0.00022596141,-6.9050802e-05,0.043158329,0.059129175,-0.055321034
-0.0029786419,0.00043828059,8.7881123e-05,0.027944648,0.10027218,-0.077735528
-0.0043940393,-0.00011423706,0.00019704853,0.056093689,0.064991933,-0.051679324
-0.0032080797,0.00027790808,4.3496735e-05,0.034817504,0.094654171,-0.066713888
-0.0032326503,-0.00021302611,-0.00011845076,0.024340162,0.12431917,-0.063801814
-0.0037908883,-4.3515984e-06,-0.00088542855,-0.0045791153,-0.029274747,0.028424795
-0.0029027833,-0.00033331643,-0.0012950508,-0.017051381,-0.037169915,-0.035528742
-0.0024584802,-0.00017930447,-0.00040357682,0.013631701,0.12651405,-0.080443178
-0.0032913533,-0.00021854744,-0.00059103954,0.022143307,0.092632432,-0.01693499
-0.003114056,-0.00032549775,-0.00029157988,0.025244478,0.12818479,-0.051083776
-0.0029098102,-0.00041813126,-0.00044844631,0.0077909997,0.096679067,0.0017139214
-0.0033624077,-0.00030636582,-0.0006345078,0.010917665,0.095499528,-0.029523143
-0.0022249437,0.00031731717,-0.00062282215,-0.0026887815,0.12316818,-0.024086664
-0.0033572833,-0.00018679446,-0.00092402889,0.01501894,0.068537239,0.017414119
-0.0026144216,0.00026608053,-0.00056991586,0.0077463078,0.10284207,0.0050439276
-0.0033777279,-8.8127456e-05,-0.00050186561,0.011831036,0.081061647,0.0098649079
-0.0025154825,0.00021497151,-0.00049520172,-0.0057985826,0.11029456,-0.053986149
-0.0031726309,-0.0001032354,-0.00047142076,0.0087512931,0.085075743,-0.019240092
-0.0029081783,0.00012390886,-0.00054255037,0.013831027,0.081695381,-0.062164209
-0.0027777347,0.0005483166,-0.00022830019,0.011357989,0.082932819,-0.01115002
-0.0033625421,0.00086398921,-7.9261373e-05,0.027257844,0.05189711,-0.028213935
-0.0027254704,0.00077639568,-7.1152579e-05,0.014973683,0.080384416,-0.061848545
-0.0027936125,0.00083349041,-4.1700892e-05,0.022419427,0.080630023,-0.082693446
-0.0030056298,0.00073121666,9.5292339e-05,0.029388723,0.10535294,-0.076160162
-0.0032517205,0.00078721005,0.00040648588,0.057399341,0.081368948,-0.074406038
-0.0029047172,0.00068626924,0.00024445323,0.042996112,0.097599297,-0.065595153
-0.0032966943,0.00067954693,0.00031920321,0.062639584,0.078169975,-0.046011769
-0.0027633589,0.00090947551,0.00038599275,0.043116974,0.10496876,-0.054777682
-0.0036076949,0.0010155552,0.00018321127,0.041481145,0.078884768,-0.070643427
-0.002542189,0.0010897489,-2.3294059e-05,0.020083135,0.10392875,-0.079605331
-0.0038135666,0.00075455766,-0.00011484104,0.042588316,0.062892955,-0.072250677
-0.0023773967,0.0010937489,3.733399e-05,0.027637402,0.12172698,-0.086067386
-0.0030421097,0.00052736799,-0.00016799006,0.042785665,0.044529939,-0.095822406
-0.0021992905,0.00095409116,-0.00016175516,0.01677933,0.10673314,-0.11008346
-0.0030597113,0.00079267221,-0.00017928632,0.0075527818,0.085177323,-0.063808529
-0.0024891723,0.00080725844,-0.00057316187,0.0015695496,0.11007035,-0.14561948
-0.0022403683,0.0011069339,-0.00036019196,-0.0081094376,0.11512851,-0.093418067
-0.0033806834,0.00069404315,-0.00091509879,0.011935267,0.012613676,-0.0464008
-0.0025629302,0.00016589426,-0.0011810226,0.011021375,-0.17529982,-0.00029720686
-0.0018199431,3.2653268e-05,-0.00092873989,0.031490948,-0.057340906,-0.10590555
-0.00236549,0.00051293749,-0.00042169478,0.03870002,0.11411597,-0.1261046
-0.0026781503,0.00081454256,-2.2812805e-05,0.030296524,0.13482225,-0.060423917
-0.0030260936,0.0006632417,-7.1813714e-05,0.03655228,0.096717867,-0.040577778
-0.0023306572,0.00069549201,0.000482035,0.04566808,0.15949413,-0.049833779
-0.0029493506,0.00046629586,0.00012839519,0.026899045,0.13268098,-0.018323175
-0.0026448856,0.00036279136,6.8565045e-05,0.028268746,0.13345322,-0.07245318
-0.0029352813,0.00044489804,0.00014250554,0.017123396,0.12286156,-0.028520559
-0.0033572861,0.00011563125,4.6010281e-05,0.039029459,0.083779398,-0.05683567
-0.0027216731,0.00038144294,0.00033672389,0.043682222,0.10796032,-0.063630584
-0.0033888728,8.6541923e-05,6.7547913e-05,0.045998644,0.069578983,-0.053490429
-0.0029996464,0.00028090582,0.00022072613,0.037302301,0.1056024,-0.093627908
-0.0030480734,0.00018244781,9.6539262e-05,0.032358018,0.075748431,-0.084196575
-0.0031181174,0.0002552888,-0.00017468979,0.034699336,0.075311063,-0.1305314
-0.0026354981,0.00053288139,-0.00013535624,0.01084465,0.11262939,-0.11797847
-0.0031617958,0.00021059822,-0.00035947909,0.020378877,0.076262124,-0.10338718
-0.0025250702,0.00023646535,-0.00018459239,0.019015649,0.12793795,-0.13294845
-0.0034702547,0.00021866868,-0.00036157761,0.022792776,0.090956196,-0.095090998
-0.0026838595,0.00067009998,-0.00014028515,0.02205445,0.12973351,-0.14773547
-0.0033344765,0.00034369447,-0.00022434472,0.036108585,0.084443851,-0.10324655
-0.0037577778,0.00067558758,0.0005576222,0.065830039,0.12741929,-0.11307689
-0.0050212209,0.0007690283,0.00086406643,0.07656173,0.10387463,-0.011100754
-0.0044755728,0.00093828005,0.00076345762,0.08347227,0.089142829,-0.084147134
-0.0041412175,0.0012089474,0.0009323506,0.069445239,0.12447061,-0.092927418
-0.0047698255,0.0011978667,0.00078523902,0.10115525,0.090754655,-0.072234086
-0.0037287474,0.00094707403,0.0011338106,0.085219474,0.13310459,-0.053065814
-0.0048093167,0.00057213395,0.00099086466,0.10003123,0.067579764,-0.004909053
-0.0040862213,0.00074358725,0.0012934281,0.082740347,0.13673745,-0.046103837
-0.0053943835,0.0001560065,0.0007587423,0.091559066,0.088198621,0.027090691
-0.0054431055,0.00075864185,0.00022752951,0.065489389,0.074535725,-0.052357423
-0.0046071629,0.0011415057,0.00070820751,0.061743233,0.1309881,-0.054615838
-0.0053209161,0.00095300969,0.00045443033,0.070098299,0.095408848,-0.052680332
-0.003686162,0.0010270791,0.00059665867,0.051409423,0.14002623,-0.10412958
-0.0046927797,0.00082301515,0.00039352311,0.052755518,0.097584896,-0.034064313
-0.0047679993,0.00063631859,0.00062822528,0.065761385,0.12278149,-0.049549872
-0.0046230519,0.00033851954,0.00048379079,0.049545943,0.12426285,-0.039427448
-0.0046934098,0.00039704229,0.00038407506,0.05674883,0.11005448,-0.094728189
-0.0043584328,0.00037607373,0.00055532841,0.05043528,0.13636984,-0.059342251
-0.0055015755,0.00016723186,0.0003335762,0.058153849,0.094114859,-0.063515508
-0.004332103,0.00032033374,0.00040921364,0.045950507,0.1431276,-0.092509179
-0.0052022448,0.00031668999,0.00034703109,0.05377436,0.099952527,-0.057986703
-0.0040845352,0.00065403879,0.00069946601,0.057135931,0.14555308,-0.10731545
-0.004814795,0.00047376107,0.00052346506,0.063491461,0.09912431,-0.066537724
-0.004234277,0.00067032602,0.00062319844,0.056389968,0.13314273,-0.095392964
-0.0050387638,0.00034012884,0.00058328834,0.066469314,0.10378146,-0.062020139
-0.0039218295,0.00044904012,0.00053127854,0.061287509,0.14930281,-0.1284789
-0.0046893976,0.00050401002,0.00053119688,0.062968959,0.11505726,-0.097358956
-0.0042787563,0.00061695722,0.00062804718,0.071238059,0.13137738,-0.14110262
-0.0043929352,0.00051231053,0.0008411786,0.068256131,0.11922818,-0.073512926
-0.0047872184,0.00057172829,0.0007272795,0.072091469,0.081011888,-0.069944776
-0.0044112099,0.00067207071,0.0010197696,0.077841823,0.12219082,-0.065702533
-0.0046808543,0.00048048885,0.00074295819,0.08805652,0.083500405,-0.11080594
-0.0034810018,0.00082489294,0.00066231287,0.061144477,0.12731937,-0.12463656
-0.0045595169,0.00051341175,0.00061667271,0.082900841,0.088824511,-0.10955328
-0.0033970282,0.0008088375,0.00075073249,0.059403426,0.13298938,-0.10069489
-0.0046791918,0.00031755459,0.00061758178,0.073449319,0.0821981,-0.072094076
-0.00343649,0.00072817583,0.00067626185,0.058683223,0.13820254,-0.13112076
-0.0045968506,0.00054045385,0.00041177656,0.056694909,0.099407685,-0.11362097
-0.0035775716,0.0008501023,0.00057896624,0.054737541,0.13434647,-0.16818052
-0.0045314113,0.00058633018,0.00052498376,0.067200444,0.096623029,-0.12404279
-0.00382006,0.00084429833,0.00052730452,0.056029449,0.12661098,-0.16520691
-0.0039619498,0.00068315219,0.00048624964,0.056583396,0.10680987,-0.12350706
-0.0043438783,0.00082026321,0.00051316518,0.066736975,0.099977201,-0.14056131
-0.0037249622,0.0011236042,0.0009085725,0.055714556,0.13667267,-0.12728895
-0.0045903503,0.00079526198,0.00077116918,0.074213466,0.10333868,-0.12740123
-0.0036801146,0.00076542997,0.00072595384,0.059958725,0.14614757,-0.14307332
-0.004327435,0.00042675437,0.00040278927,0.071215356,0.099423882,-0.13307248
-0.0031974051,0.00048608683,0.00066530904,0.070163927,0.14129334,-0.18068097
-0.0045255871,0.00025002404,0.00050441422,0.081225995,0.06866887,-0.089180792
-0.00396311,0.00054065376,0.00064145871,0.080182805,0.10246488,-0.12799912
-0.0038054302,0.00033806309,0.00055663041,0.064974298,0.10240953,-0.11572204
-0.0041509607,0.0003666431,0.00040735067,0.081361255,0.10349258,-0.14102064
-0.0030650648,0.00039303702,0.00072246949,0.075462714,0.13240335,-0.15784864
-0.0043644321,0.00010924709,0.00071141307,0.086112762,0.088256811,-0.12108205
-0.0015488078,7.2679782e-05,0.00086656753,0.091783726,0.106505,-0.3347364
-0.00083944813,0.00058203251,0.00081940564,0.073218765,0.09394121,-0.32494801
-0.001678444,0.00052623977,0.00069715358,0.087227307,0.089210074,-0.32027097
-0.0010453313,0.00056597359,0.00092779358,0.085052695,0.12428234,-0.29538187
-0.002032777,0.0003625883,0.0010824792,0.10306605,0.065616585,-0.24515282
-0.0010334694,0.00052049084,0.0012752695,0.10432977,0.10610162,-0.29118558
-0.0019785845,0.00053064655,0.0012140202,0.11064126,0.039485382,-0.23022569
-0.0013599753,0.0009325017,0.0012850523,0.11626837,0.096082769,-0.30211421
-0.0019038158,0.00098422996,0.001253963,0.1039884,0.078680117,-0.26494493
-0.0021237942,0.0011153032,0.0012916003,0.11390833,0.072438528,-0.29333198
-0.0020568645,0.0010259599,0.0014223973,0.10590464,0.11945072,-0.26139728
-0.0027140283,0.00088888505,0.0011072529,0.11731148,0.083217173,-0.26328921
-0.0020182751,0.00095424066,0.0012469339,0.10149229,0.12702509,-0.2622137
-0.0031215979,0.00089419532,0.00095798912,0.10518036,0.079313989,-0.25005252
-0.0021268642,0.0013466023,0.0012329279,0.10416661,0.14568675,-0.27424274
-0.0032746332,0.00085876641,0.0010459847,0.10803693,0.085023602,-0.20887512
-0.0025403874,0.0011547188,0.0012121125,0.11023611,0.11525701,-0.27159334
-0.0029128294,0.00097411611,0.00089011865,0.088223905,0.093968422,-0.23155707
-0.0030768197,0.00090163976,0.0006290362,0.086714091,0.089522501,-0.27353998
-0.0022452168,0.0010690668,0.00047984233,0.066639278,0.14620886,-0.31505379
-0.0033521343,0.00057418573,0.00046496336,0.088986124,0.094773564,-0.27165477
-0.0021523119,0.0007822109,0.00078191865,0.084104755,0.13598971,-0.28848837
-0.0030246603,0.00074052036,0.00067838731,0.082037374,0.090407506,-0.24886734
-0.0025220878,0.0010971802,0.00076600929,0.083856179,0.13052437,-0.31235506
-0.0032389993,0.0010727945,0.00068567953,0.074642832,0.10166526,-0.25604638
-0.00297115,0.0011562842,0.00080430035,0.09720415,0.10549364,-0.28560198
-0.0025634666,0.001076024,0.00082566247,0.086664904,0.11997204,-0.26469491
-0.0033354541,0.00095923963,0.00068565387,0.09642771,0.072322434,-0.25529638
-0.0022177559,0.0011539688,0.00092659841,0.088924901,0.14345581,-0.31158669
-0.0028746629,0.00084221094,0.00091653003,0.099584107,0.10127023,-0.28950083
-0.0021499333,0.0010021928,0.0009573136,0.095775898,0.15283898,-0.31820518
-0.0028577292,0.00080821589,0.00097484492,0.098279578,0.093790081,-0.22035126
-0.0021037006,0.00096201568,0.0013094983,0.11573986,0.12810203,-0.28493668
-0.0025730937,0.00094133996,0.0010641819,0.093788475,0.099249874,-0.23704564
-0.0033183911,0.0006298187,0.00092335664,0.10666496,0.053489666,-0.23906225
-0.0022315181,0.00085777046,0.0010342373,0.08362562,0.11948047,-0.28424543
-0.0027522435,0.00060954969,0.00054442407,0.060573611,0.073544891,-0.29370527
-0.002239821,0.00043378213,0.00032287031,0.057426311,0.12366273,-0.31523933
-0.0025706065,0.0001807915,0.00014376382,0.045974023,0.1094633,-0.24531583
-0.002951489,-0.0001539116,-4.2838267e-05,0.054133108,0.11867941,-0.25877389
-0.0026197831,0.00013653914,0.00018729145,0.040759868,0.11778778,-0.25085237
-0.0029242505,-6.3594762e-06,-0.00015580839,0.02362362,0.087223273,-0.27795806
-0.0017644677,0.00027620775,-0.00020552086,0.0034613053,0.12407031,-0.30605233
-0.0025156919,0.00020520902,-0.00034480413,0.0060690794,0.07486882,-0.27823565
-0.0012634105,0.00018085953,-0.00032964445,0.01238004,0.12004939,-0.3240651
-0.0023401683,-0.00033420364,-0.00058583249,0.010931671,0.067722883,-0.2665854
-0.0013910011,-6.9880783e-05,-0.00061129768,0.011326342,0.099390297,-0.30516146
-0.0025137928,-0.00051389629,-0.00085808158,0.0039791774,0.065558189,-0.28010385
-0.0012449794,-0.0001500774,-0.00083472785,-0.00028533493,0.12573599,-0.3522503
-0.0025506661,-0.00045749473,-0.0010466258,-0.0067618413,0.080302434,-0.25760501
-0.0024611087,-0.00045785733,-0.00099047472,0.0078669724,0.085772456,-0.28964843
-0.0021813475,-0.00014378894,-0.0010102155,-0.0081540905,0.11165949,-0.2618027
-0.002650094,-0.00042785647,-0.00087277301,0.0099061802,0.073997432,-0.28218026
-0.0018985031,-0.00017912906,-0.00069278648,0.0056671978,0.10775093,-0.28975286
-0.0026936945,-0.00011497845,-0.00076630721,0.004693633,0.07444579,-0.27800095
-0.0017569291,0.00026309164,-0.00080517661,-0.0022533571,0.11347469,-0.32730068
-0.0028675962,0.00040023393,-0.0010254495,-0.010039488,0.080019099,-0.27196062
-0.0019514337,0.00053722381,-0.00077714157,-0.0038712376,0.13901355,-0.31808567
-0.0027833856,0.00054180112,-0.00086399101,0.0014889794,0.029524862,-0.19517793
-0.001886166,0.00045733906,-0.0016902936,0.00377238,-0.15910144,-0.17080258
-0.0011027171,0.00034045546,-0.0013296712,0.021306896,0.024717608,-0.34105687
-0.00086836339,0.00048076189,-0.0010123725,0.01157991,0.14060507,-0.36808398
-0.0012531,0.00032887309,-0.00079049653,0.013182285,0.092650676,-0.28478062
-0.0014845658,0.00018501133,-0.0007105318,0.018435071,0.10067703,-0.30309765
-0.001213085,0.00025060531,-0.00057142266,0.010219241,0.11367072,-0.26247705
-0.0021315045,4.8570577e-05,-0.00074456372,0.02424629,0.081088012,-0.25318479
-0.0011839827,0.00013724297,-0.00052635199,0.028595882,0.11883635,-0.28189976
-0.0022509645,-0.00014732584,-0.00076873243,0.025393777,0.084466613,-0.22784369
-0.0016047698,0.00011462461,-0.00063312788,0.023013908,0.089246242,-0.25486559
-0.00054756008,0.00023476099,-0.00067715819,-8.8644865e-05,0.092359964,-0.32364294
-0.0013842966,0.0002866846,-0.00069073168,-0.005676592,0.088539431,-0.27782051
-0.0013157616,0.00046884497,-0.00073368376,0.0066065068,0.051545338,-0.29782276
-0.00032478611,0.00056613323,-0.00064402432,0.0035212306,0.084857707,-0.32554075
-0.0014772775,0.00038236302,-0.00069563347,0.022063484,0.038931988,-0.25989084
-0.00052454236,0.00060461975,-0.00066659712,0.013557048,0.080662094,-0.32846182
-0.0011587104,0.00073155816,-0.0007187181,0.0076583118,0.045743565,-0.27493948
-0.0010164471,0.0010332627,-0.0009786308,0.0076562263,0.057897082,-0.33767141
-0.00028422709,0.0011090392,-0.0012030847,-0.018222504,0.080775371,-0.35520982
-0.0011301323,0.00094581632,-0.0013043015,0.0057631738,0.040589931,-0.31135938
-0.00012660802,0.0011524048,-0.0012590839,-0.017774536,0.10284952,-0.36674304
-0.0017700315,0.00063742975,-0.001274163,0.0032209955,0.048494329,-0.32150944
-0.00079558532,0.00089938827,-0.0010986677,-0.0053525633,0.091644695,-0.35643274
-0.0015220372,0.00061676903,-0.0009272165,0.0074194927,0.046625367,-0.2963096
-0.0012802027,0.0006117887,-0.0008185023,0.010339675,0.069427368,-0.33252549
-0.0016586366,0.0004108161,-0.00089654833,0.011910781,0.054333817,-0.31739613
-0.0016184381,0.00038139571,-0.0008957242,0.017481093,0.0627088,-0.34010896
-0.0008421421,0.00041091673,-0.00077993544,0.015290978,0.086764727,-0.35534204
0,0,0,0,0,0
-0.00071471326,-2.5903406e-06,0.00012827879,0.01003907,-0.036803384,0.023498769
-0.00042505092,0.00024611972,9.1953371e-05,0.0063905865,-0.024493759,-0.037422036
-0.00039888963,0.00017047899,-5.7937814e-05,0.0043793665,-0.015673559,-0.033164469
-0.00035955255,0.00014189449,-6.2888289e-05,0.0095443539,0.009963981,-0.069568844
-0.00094368387,5.6835408e-05,-0.0001654105,0.011800138,0.0023777276,-0.010698747
-0.00083317728,9.7783823e-05,-0.00017307958,0.006512255,-0.0042453651,-0.015272596
-0.0015079428,0.00025274935,3.9624321e-05,0.0040632678,0.00073403467,-0.013392694
0.0002808468,0.0010032229,0.00011256882,-0.0097557898,-0.016440638,-0.15786983
0.0002096533,0.0011719514,-0.00010262596,-0.020838614,-0.026627054,-0.12151043
0.00016827139,0.00098835786,-0.00015478433,-0.0075467826,-0.029075012,-0.12197861
-0.00073662486,0.00094929492,8.507302e-05,0.00082464454,-0.007985406,-0.017833446
-0.0016199576,0.00063576513,0.00027422058,0.03108303,-0.031500682,-0.014046068
-0.001643141,0.00069351141,0.00035834728,0.013387343,0.01200659,0.040258501
-0.0021334473,0.00060515307,0.00016705083,0.032836167,-0.045075589,-0.0066317695
-0.0015777986,0.00097133901,0.00016161199,-0.0023200303,0.049944236,-0.019352961
-0.002745534,0.00060302159,0.00052900333,0.049507759,-0.035194107,0.022843787
-0.0021285145,0.0012511543,0.00055589974,0.019087239,0.03732387,0.016382444
-0.0029099217,0.00085706787,0.00060662822,0.026604764,-0.028484122,0.057330731
-0.0024153671,0.0013480982,0.00034371849,-0.01316584,0.036856651,-0.0061359
-0.0032259956,0.0010488615,0.00027439485,0.0076987609,-0.0077590797,0.034795959
-0.0023249579,0.0011444417,0.00016581692,-0.0010911437,-0.036879268,0.02854974
-0.0025366989,0.0011776586,0.0003837975,-0.005115346,0.0050806533,0.077662196
-0.0024714137,0.00096360637,0.00058776615,0.026217555,-0.05455067,0.029394874
-0.0016872624,0.0015150651,0.00057008049,0.00031219558,0.014729685,0.025251614
-0.0026891852,0.00111887,0.00017409501,0.012341942,-0.022240257,0.040514197
-0.0025060645,0.0012604187,0.00020129064,-0.0022513458,0.027055979,0.041635794
-0.0036340435,0.00087167739,0.00024553235,0.0054456527,-0.0028115086,0.10310288
-0.0036864419,0.00084769083,0.00036209118,0.010367489,-0.016208247,0.083127405
-0.0033630704,0.00097691146,0.00012138388,-0.011721291,0.030181778,0.10184899
-0.0044071063,0.00060233957,0.00011309476,0.01307549,-0.034268808,0.10350463
-0.0031543194,0.0009034117,0.00013961632,-0.0058484477,0.0057257812,0.080026289
-0.0044919116,0.00040084843,0.00025969198,0.026191528,-0.024781167,0.1548529
-0.0032998069,0.00080042139,-6.6140962e-06,0.0014671665,0.011903219,0.10585885
-0.0047225157,0.00069622343,8.1031016e-05,0.0049500855,0.027847348,0.19750341
-0.0042102178,0.00035919828,0.00011073563,0.037126236,-0.047672376,0.16406447
-0.0026465089,0.00094028251,6.9631e-05,-0.0055523293,0.0033929768,0.082682531
-0.0027543883,0.00081608772,0.00034158086,0.013296113,-0.011494026,0.10090723
-0.0024470144,0.0009349879,0.00053882489,0.032297049,-0.036955886,0.072381429
-0.0019290759,0.0011015824,0.0012293936,0.033408196,-0.0057675611,0.1190971
-0.0033058317,0.00059049081,0.0013769577,0.07591988,-0.079443497,0.15809818
-0.0027395571,0.00090234621,0.00082187804,0.028802296,-0.023506831,0.11609425
-0.0033666754,0.00075228271,0.0010083682,0.044799997,-0.036897372,0.14978595
-0.0029789103,0.0010700825,0.00092913095,0.040598369,-0.019679125,0.083871232
-0.002584966,0.0010035945,0.0009311151,0.020581138,0.016804467,0.10622099
-0.0035575894,0.00074314772,0.00093776011,0.049570814,-0.044571634,0.17613679
-0.0028004916,0.00092739526,0.00092376371,0.02524701,-0.00056943002,0.16705027
-0.003849926,0.00071599457,0.0012977003,0.043838546,-0.055366581,0.22184171
-0.0031247332,0.0007514899,0.0011816498,0.042289374,-0.035791063,0.13748868
-0.0033261191,0.00089187765,0.0009088616,0.013903358,-0.0083318842,0.14973094
-0.004299088,0.00022142549,0.0002702757,0.026700294,-0.072544775,0.16298447
-0.0028456063,0.00076934064,0.00017614649,-0.0024625533,-5.7126689e-05,0.099065557
-0.0036485539,0.00031022194,0.00014167719,-0.0004234112,-0.01887866,0.15941086
-0.0036661965,0.00029565689,0.0002647654,0.012841831,-0.031538524,0.15435697
-0.0035841287,0.00021904753,0.00047909669,0.010323467,-0.0018355268,0.18219365
-0.0039583452,0.00020054377,0.00062882622,0.034644323,-0.053326468,0.19462128
-0.0032228735,0.0006153744,0.00074528726,0.0099966863,-0.0089251759,0.18461193
-0.0042613471,0.00065856055,0.00053225545,0.028403328,-0.066504254,0.21688101
-0.0038063372,0.00089870744,0.00061271679,0.032301634,-0.060934751,0.16039611
-0.0030310829,0.0010104651,0.00086462028,0.014411329,0.0065886804,0.16368062
-0.0040472071,0.00064482321,0.0007547674,0.031354926,-0.058421929,0.18788317
-0.0031743673,0.00098292108,0.00079774427,0.025427298,-0.038878616,0.15805832
-0.0035177937,0.00079637082,0.00092579668,0.02771123,-0.040183242,0.1928047
-0.0040192935,0.00051446793,0.00053916183,0.029117715,-0.072364045,0.19619883
-0.0027792138,0.0011826741,0.00066517581,0.0001345555,-0.017929785,0.16728919
-0.0038308463,0.00090726909,0.00077870221,0.027429366,-0.064435865,0.1788969
-0.0028879469,0.0013847487,0.00066343047,0.014963763,-0.032039097,0.15512532
-0.003501598,0.0014141039,0.0007478253,0.023434701,-0.068008477,0.19810104
-0.002951562,0.0015419251,0.00081771165,0.011951543,-0.027885879,0.13845107
-0.0036212334,0.0012373342,0.00094748005,0.016639974,-0.059737864,0.2021631
-0.0036493526,0.0010595236,0.00066366356,0.013120069,-0.0815602,0.15852799
-0.0033044516,0.0013715896,0.00080362803,0.0017006072,-0.036656824,0.19787208
-0.0036947558,0.0010959193,0.00071765855,0.017217429,-0.079377616,0.1831773
-0.0028737312,0.0016348077,0.00077935522,-0.0020437847,-0.032020127,0.16511583
-0.0038529864,0.0011577128,0.00087876546,0.027953133,-0.071515503,0.19816764
-0.0030973091,0.0013058693,0.00093810309,0.01465353,-0.02595013,0.15595266
-0.0031948901,0.0014236415,0.0011289225,0.024561889,-0.033846399,0.17259026
-0.0031177067,0.0012116154,0.0011398907,0.049354648,-0.063611557,0.14411684
-0.0019670295,0.0015504563,0.0016844083,0.040082607,-0.017259242,0.093847693
-0.002420435,0.0013923554,0.0018022647,0.055631539,-0.073170679,0.13318559
-0.0023060474,0.0015321816,0.0012634885,0.038210448,-0.063186882,0.094563374
-0.0016738869,0.0016522594,0.0014522046,0.036291227,-0.053036072,0.09301385
-0.0020314471,0.0014378099,0.0013787965,0.057899499,-0.11248212,0.087516382
-0.0012865599,0.0018383385,0.0012309256,0.023492324,-0.031187847,0.035088104
-0.0013667541,0.0016244274,0.0012531682,0.040452998,-0.052355163,0.029221879
-0.0014378516,0.001762388,0.0013136396,0.048250919,-0.07099609,0.049937424
-0.0011796546,0.0017826688,0.0014386491,0.037890735,-0.048937163,0.064154798
-0.0015879778,0.0015830212,0.0014522071,0.060528771,-0.1023272,0.074932079
-0.00099546682,0.0017370654,0.0012975272,0.033986479,-0.0548677,0.016154475
-0.0014260548,0.0016082627,0.0013586419,0.044222448,-0.10820038,0.048115465
-0.0011544406,0.0018229286,0.001276455,0.04600609,-0.11517284,0.008686283
-0.00062407432,0.0018174697,0.0013064921,0.034164528,-0.062468239,0.014421619
-0.0016344307,0.0013768745,0.0010398624,0.061879647,-0.12283325,0.040311753
-0.00087600062,0.0017090557,0.0010142548,0.029537527,-0.051364978,-0.004693067
-0.0018719768,0.001097035,0.0011170547,0.054298208,-0.092309315,0.043587959
-0.00095858493,0.0014026444,0.0010992209,0.036344181,-0.046971481,-0.0073489156
-0.0016603016,0.00097631627,0.0010049332,0.045819188,-0.078967183,0.040836161
-0.0011031673,0.0011461035,0.00085813772,0.038157806,-0.068074998,0.022367895
-0.0015217264,0.00087862918,0.0009688993,0.048561453,-0.081320986,0.075913331
-0.0024776602,0.00058894243,0.00069975766,0.074479494,-0.1123447,0.072727706
-0.00096391153,0.0009662333,0.00055040878,0.024576997,-0.060553428,0.042802894
-0.0021589488,0.00059769241,0.00077706061,0.069039109,-0.1259526,0.081813376
-0.00083670671,0.0011720756,0.00084695539,0.047963976,-0.068919731,-0.0025467757
-0.00096806137,0.0011865589,0.00096983465,0.059079869,-0.083567199,0.019991936
-0.00068839193,0.0014592154,0.0010682213,0.061358615,-0.073678323,0.0071818919
-0.0010165932,0.0014551613,0.0012854415,0.067622154,-0.071680857,0.054034261
-0.00084378251,0.0014394306,0.0012792174,0.076310314,-0.091108078,0.019198057
-0.0003498365,0.0015847499,0.001459093,0.062064621,-0.06658336,0.026097442
-0.0014213771,0.0014052483,0.0013304629,0.085531411,-0.11309372,0.04018225
2.1745437e-05,0.0018115685,0.0014575236,0.063495166,-0.060045852,-0.01379115
-0.0008093174,0.0015934355,0.0015162914,0.086886154,-0.12849426,0.048928685
1.0290273e-05,0.0017372493,0.0016764385,0.083283897,-0.081174348,-0.0067470837
-0.00031330601,0.0016386576,0.0017042434,0.092794548,-0.1187616,0.0605206
-0.00019278077,0.0016192901,0.0016262268,0.10733071,-0.12073091,0.033445872
0.00021140729,0.0017697089,0.001764608,0.085803098,-0.085252906,0.021941897
-0.0005748942,0.0016485923,0.0016004841,0.10027294,-0.14377004,0.033025063
0.00065586033,0.0017946052,0.0014981544,0.074473432,-0.083788359,-0.052038397
0.00028156813,0.0017470661,0.0017080153,0.099001121,-0.11277672,0.0080196393
0.00085973244,0.0019164019,0.0017659811,0.098783472,-0.11804857,-0.018700877
0.00081596592,0.0018520355,0.0022694928,0.11003827,-0.11885251,0.015743571
0.00052948007,0.0016801479,0.002109972,0.11740363,-0.14022714,-0.0067133891
0.00093926414,0.0018917719,0.0021814663,0.090627111,-0.10366647,-0.0009809078
-1.5329276e-05,0.0014723538,0.0017023342,0.10648695,-0.1637296,0.013841849
0.0015340013,0.0019428325,0.0018855446,0.09107931,-0.073410408,-0.051908935
0.0010323776,0.0017859263,0.0017641054,0.095633573,-0.12318564,-0.026561774
0.00089180681,0.0017528419,0.0016609561,0.098876988,-0.1277414,-0.03143211
0.0011372328,0.0020127565,0.002161359,0.091142039,-0.11645561,-0.012362329
0.00085413089,0.0019141204,0.0019429113,0.097595267,-0.14501374,-0.045163501
0.0017860065,0.0022613929,0.002034346,0.075524547,-0.10334684,-0.077294991
0.00098835372,0.0020737995,0.0020400908,0.10285582,-0.15249704,-0.010664116
0.0021228711,0.0025398856,0.0021366769,0.091476357,-0.12120649,-0.090438415
0.0017672795,0.0022595377,0.0019510411,0.089094158,-0.14437168,-0.049030395
0.0018009924,0.0023420992,0.0019937436,0.095254656,-0.13143398,-0.1125237
0.002146236,0.0021714318,0.0020622947,0.084483642,-0.10614785,-0.10200675
0.0013193802,0.0021454238,0.0016988828,0.091425638,-0.13073114,-0.11705361
0.0023588881,0.0022063294,0.0020849489,0.072525729,-0.073454588,-0.11923582
0.0011717244,0.0022483114,0.001892549,0.088634318,-0.13913585,-0.10071151
0.0025670151,0.0027698492,0.0020141897,0.066077338,-0.097561928,-0.17866703
0.001873637,0.0025610987,0.0019675855,0.079902456,-0.1579878,-0.12982908
0.002943007,0.002841113,0.0019902041,0.075447424,-0.12747234,-0.20452792
0.0027964713,0.0028793941,0.0021326821,0.078844325,-0.1394598,-0.16936564
0.0033383199,0.0029779329,0.0022692551,0.090807872,-0.14753044,-0.20515826
0.0024762251,0.0027137784,0.0021500826,0.087608071,-0.164484,-0.11447355
0.0019021119,0.002705343,0.0020620465,0.09379374,-0.15704402,-0.1232483
0.0016669391,0.0028422141,0.0024322614,0.10281295,-0.14760492,-0.097610885
0.0013569425,0.0027545372,0.0024084324,0.11187907,-0.16016085,-0.11161558
0.0020585185,0.0029202375,0.0024618387,0.094590707,-0.12287869,-0.11521789
0.0011390066,0.002816982,0.0024434756,0.1192566,-0.17770392,-0.081440097
0.0019887885,0.0030439565,0.002759655,0.10838028,-0.10804907,-0.12450175
0.0011871698,0.0026836116,0.0026787085,0.12294962,-0.19446688,-0.054173719
0.001523606,0.0027794713,0.0029456024,0.12081805,-0.11511032,-0.098063503
0.00036304785,0.0026379119,0.0029117202,0.12593647,-0.15074818,-0.019622605
0.0011824858,0.0030149358,0.0027944612,0.11984492,-0.12260178,-0.13372963
0.0012020691,0.0032461969,0.0029228774,0.11621009,-0.1014283,-0.11557495
0.0019731851,0.0030650949,0.0022986679,0.12338275,-0.14242022,-0.22837107
0.00015724905,0.0031165764,0.0022162372,0.10319696,-0.1371339,0.1875255
-0.00084834448,0.0031805483,0.0030653412,0.15401857,-0.17272687,0.20107378
-0.00068667725,0.0036359874,0.0032193604,0.15119189,-0.14118233,0.15926819
-0.0012429803,0.0034413202,0.0032458385,0.16218084,-0.16281025,0.19280044
-0.0013681155,0.0037417013,0.0030524467,0.15109209,-0.15161666,0.19102604
-0.0011255003,0.0036791002,0.002852486,0.12979369,-0.13196024,0.22007955
-0.0014971071,0.0033342427,0.002296995,0.1311533,-0.24040323,0.34823692
-0.0016487136,0.003614497,0.0026299008,0.11698528,-0.11506036,0.27396847
-0.0019514593,0.0033330654,0.0022477365,0.11092779,-0.16011928,0.28225193
-0.0013638251,0.0031760792,0.0022013631,0.10193465,-0.10176132,0.2306094
-0.0011071774,0.0031172136,0.0017157631,0.085325931,-0.12136435,0.28312876
-0.0013592483,0.003102814,0.0016465967,0.11045143,-0.17068236,0.25055497
-0.0012892728,0.0034952393,0.0022868154,0.096112894,-0.11816836,0.25965691
-0.0015978153,0.0035286143,0.0023799213,0.11506474,-0.15429615,0.23922843
-0.00082416996,0.0038928367,0.0022508834,0.094587324,-0.11285639,0.22887215
-0.0016580075,0.0032992944,0.00232602,0.12215143,-0.14243158,0.25560687
-0.0011425284,0.0034145551,0.0023103896,0.10460715,-0.10770828,0.25025149
-0.0015497366,0.0032282463,0.002371634,0.11706056,-0.13601786,0.24279137
-0.00063311696,0.0034672705,0.0020362499,0.096873707,-0.090078547,0.20629082
-0.0010353284,0.0031696391,0.0019343947,0.10492516,-0.13915598,0.22522437
-0.00064441059,0.0033122104,0.0018396244,0.087960464,-0.11049347,0.20804612
-0.0016009172,0.0027099892,0.0017655027,0.087764163,-0.14245014,0.27599704
-0.001569246,0.0027918449,0.0018139362,0.089780871,-0.14817144,0.25697116
-0.0011261402,0.0028592997,0.0021588787,0.097277684,-0.13708536,0.27378223
-0.0012323961,0.0024208352,0.0018648853,0.10902447,-0.15847547,0.23285259
-0.00025401132,0.0025349912,0.0020756545,0.088775009,-0.11556922,0.23469775
-0.0010769394,0.002036976,0.0019240603,0.11150101,-0.1853113,0.26399082
-0.00018895561,0.0023808744,0.0020408421,0.10156975,-0.13066825,0.22723292
-0.00037260148,0.0020969603,0.0018636311,0.093006539,-0.17139359,0.24324996
0.00039240589,0.0022340385,0.0019418055,0.1020647,-0.13759793,0.15650023
0.00030960172,0.0024431217,0.002162004,0.094395048,-0.15114632,0.24981224
0.00029819465,0.0021821107,0.0023632427,0.11153813,-0.21950516,0.27618939
0.00037387755,0.0021950194,0.0023709988,0.10806331,-0.14587232,0.23855774
0.00014672842,0.0020503135,0.0022406393,0.10759216,-0.18830305,0.21605371
-0.00020542753,0.0024917396,0.0023066683,0.1075136,-0.15074715,0.24083841
0.00029594855,0.0017378662,0.0017912146,0.084903924,-0.16506722,0.1655563
0.00046714666,0.0015468376,0.001001866,0.060867466,-0.20147886,0.15985207
-4.0320145e-05,0.0016090719,0.0013155808,0.062575841,-0.17933623,0.31484471
-0.00042681674,0.0013684682,0.0012660735,0.079625075,-0.19197603,0.27029186
-0.00047221666,0.0016828164,0.0016390767,0.076915389,-0.1465002,0.32437622
-0.0007728886,0.0014189234,0.0015312387,0.093896992,-0.23074803,0.31017727
2.927592e-05,0.0019469475,0.0015104878,0.071261332,-0.16291436,0.26667128
-0.00038997039,0.0017378947,0.0015051566,0.077441294,-0.17301385,0.28683322
-0.00038401618,0.0018057373,0.0015335262,0.089849892,-0.20409284,0.29353746
-0.00028680445,0.0021847852,0.0018038862,0.08414011,-0.14485214,0.3050146
-0.0012067349,0.0020175866,0.0016362369,0.098100377,-0.19976623,0.31744209
-0.0006026027,0.0025815056,0.0014007227,0.057859485,-0.16630881,0.2754105
-0.00070895352,0.0024301305,0.0015846963,0.067231791,-0.18220241,0.3184859
-0.00079271064,0.0022177334,0.001575905,0.076343904,-0.18852297,0.29026215
-0.00026781125,0.0023843817,0.0018683555,0.06566801,-0.13664835,0.283197
-0.00051364182,0.0021158803,0.0018250918,0.090978791,-0.2085774,0.30317651
0.00011918046,0.00255202,0.002060743,0.081813058,-0.13098428,0.24811934
-0.00045422671,0.0026792859,0.0020190382,0.083845374,-0.18714231,0.27755531
-6.2909979e-05,0.0029248242,0.0020117089,0.080859481,-0.16064566,0.24108664
-0.00050769701,0.0027235592,0.0022232281,0.091382789,-0.17445291,0.28474134
-0.00071692309,0.0027333394,0.0022648756,0.098411275,-0.17035448,0.27260015
-0.0005859544,0.0027973508,0.0019841525,0.073904199,-0.15758724,0.26585687
-0.00057111704,0.0027109305,0.0017955168,0.083156812,-0.19156571,0.24071348
0.00010014479,0.0027459135,0.0016791638,0.068010995,-0.12825946,0.20030808
-0.00027841969,0.0025634386,0.001780398,0.065672548,-0.15935594,0.24478959
-0.0007012366,0.0024214147,0.00035108527,0.045572902,-0.36349557,0.34818216
0.00093558363,0.0023259526,0.00013861027,0.071096367,-0.38201097,0.30310108
0.0015416617,0.0029572967,0.0010880386,0.078225607,-0.18050314,0.15573208
0.0011860044,0.0032528841,0.0012617296,0.076353035,-0.11563488,0.17174755
0.0013027591,0.003165829,0.0012961714,0.0798513,-0.14305194,0.20341772
0.001437775,0.0029598627,0.0013237522,0.095630213,-0.17769115,0.19913886
0.0017260116,0.0030584994,0.0014273297,0.077371124,-0.14186431,0.23744012
0.00081308196,0.00265996,0.0014890456,0.086567304,-0.18008213,0.29425772
0.00098867352,0.0026336333,0.0013031654,0.075147902,-0.17567441,0.2532323
0.0010447114,0.0028293988,0.0014129115,0.065740941,-0.15740548,0.24210899
0.0005202199,0.00262893,0.0016526963,0.089097301,-0.19444156,0.25168715
0.00076239199,0.0028211493,0.0016277526,0.081372309,-0.17148233,0.21883553
0.00033256625,0.0025100368,0.0016134773,0.078218632,-0.19974403,0.24568759
0.00066814765,0.0026137662,0.0016856976,0.083221251,-0.19604339,0.19682915
0.00090404937,0.0023818303,0.001572475,0.07952922,-0.1960265,0.20628113
0.00061178957,0.002297002,0.0016542056,0.099763435,-0.20108332,0.1918037
0.0009569461,0.0024587435,0.0015942619,0.077608233,-0.1552968,0.1941354
0.00084799763,0.002468289,0.0015883971,0.1033431,-0.20778411,0.17942075
0.0010359698,0.0027677498,0.0014713265,0.080655165,-0.14604748,0.14286563
0.00064034706,0.0027868376,0.0015880029,0.098621488,-0.18481366,0.14063793
0.0012661983,0.0030278485,0.0014777587,0.05280324,-0.13671065,0.14964332
0.00044207173,0.003047859,0.0015587007,0.086664547,-0.19976629,0.14138332
0.0016114053,0.0034546654,0.001505736,0.046036555,-0.14326034,0.10553959
0.00079225439,0.0031140776,0.0016307863,0.078111056,-0.18801659,0.14062683
0.0012348569,0.0033181166,0.0015080548,0.064670606,-0.15972458,0.10738298
0.001041951,0.0027767395,0.0016087214,0.08484771,-0.19602254,0.13915969
0.00091687286,0.0029977912,0.0016270263,0.087768921,-0.1724889,0.1180112
0.001765912,0.0023130014,0.0017366427,0.10525662,-0.198313,0.080135803
0.0037720021,0.0020975594,0.001375266,0.081979466,-0.21300565,0.031536546
0.0029910632,0.0022481615,0.00095912014,0.049154005,-0.21081925,0.091548066
0.0034180759,0.0021742342,0.0011264103,0.062496266,-0.19555269,-0.012348321
0.0027455261,0.002123202,0.0014148017,0.068589721,-0.21765927,0.10163722
0.002544263,0.0020887769,0.0015114524,0.10122604,-0.22513884,0.088708001
0.0019763354,0.0021644774,0.0018002163,0.10294542,-0.20299385,0.17376433
0.0020769312,0.0020466524,0.0018086761,0.12170694,-0.22020766,0.090723216
0.0020302457,0.0020587903,0.0019523485,0.10860248,-0.16387623,0.13052761
0.0011876945,0.0018110329,0.0018729325,0.13064129,-0.21376894,0.14493784
0.0013274883,0.0020884945,0.0018412019,0.10537561,-0.15257128,0.15144345
0.00094078641,0.0019425979,0.001691755,0.10608274,-0.2000045,0.11698148
0.0018070586,0.0021964103,0.0018956673,0.099189807,-0.14944502,0.098988035
0.00093359229,0.0022034449,0.0020168243,0.12321459,-0.21293973,0.15565952
0.0015671092,0.0024948812,0.0021232225,0.11809493,-0.1689975,0.18178827
0.00049216295,0.0026054108,0.0022992926,0.13188285,-0.2164701,0.21670431
0.0012722002,0.0026137629,0.0023254293,0.11406971,-0.16681289,0.17646868
0.00071340343,0.0026002897,0.0023468099,0.12308339,-0.20454924,0.16374211
0.0016104735,0.0026800667,0.002243073,0.11203362,-0.16244275,0.12952866
0.00099606387,0.0027150541,0.002269143,0.11499933,-0.21491906,0.13743141
0.0016206891,0.0027568644,0.0020326362,0.1011135,-0.17372088,0.11180511
0.0010618501,0.0028429653,0.0021164225,0.086595432,-0.19633248,0.17510781
0.00053933506,0.0028123349,0.0017678288,0.093767758,-0.21872237,0.15300038
0.0013185557,0.0028539559,0.0020232409,0.079430719,-0.17313862,0.17519861
0.00066997239,0.0025644763,0.0019640689,0.10525821,-0.21139541,0.18504261
0.0011814482,0.0029531933,0.0019690353,0.082380808,-0.16901312,0.17962247
0.00043454139,0.0026646427,0.001813887,0.09084208,-0.18118085,0.17637577
0.0012334566,0.0030964205,0.0018433959,0.07677274,-0.1594754,0.14896008
0.00063274209,0.002746107,0.0020097779,0.089948006,-0.1763784,0.21969517
0.0010922892,0.0026547476,0.0018928151,0.098380859,-0.19177557,0.1953883
0.00148655,0.0025651284,0.0021760249,0.089104259,-0.17651744,0.2168634
0.0011754948,0.0026259313,0.0018709561,0.10257364,-0.25023661,0.20896572
0.0016146946,0.0028823449,0.002135329,0.091842407,-0.17261996,0.16560912
0.0020850127,0.0028495749,0.0012157525,0.072975234,-0.25117269,0.109251
0.0025217308,0.003169668,0.0014125178,0.077232947,-0.19312139,0.10846925
0.0017657069,0.0032033072,0.0019621885,0.092948045,-0.20402549,0.16220726
0.0019573905,0.003050328,0.0018270199,0.11113425,-0.21938142,0.14072661
0.0025612675,0.003382374,0.0021085505,0.10260924,-0.18378317,0.14338611
0.0011757225,0.0028650443,0.0015924153,0.10280582,-0.23957494,0.17246355
0.0029454742,0.0028968015,0.0010108034,0.12386631,-0.40322882,0.18520859
0.0036762463,0.0026552465,0.00069827204,0.11668312,-0.43542708,0.24211032
0.0042642809,0.0023887856,0.0014764891,0.12841725,-0.26433646,0.14038093
0.0051037823,0.0027189612,0.0016699017,0.11741079,-0.24599376,0.15758457
0.0040719046,0.0030550329,0.0019771833,0.13095468,-0.22635292,0.15429234
0.0042740967,0.0026867748,0.0021031303,0.14410134,-0.23423246,0.1236028
0.0042574281,0.0025179964,0.0025022161,0.15859718,-0.17300491,0.12335777
0.0033554937,0.0022422007,0.0024745907,0.17234713,-0.19409472,0.16886935
0.0030482171,0.0023629276,0.0026027056,0.18124675,-0.17015542,0.14211362
0.0036229519,0.0021044384,0.0026083015,0.18082172,-0.19755195,0.14328645
0.0031657135,0.0022578737,0.0025079431,0.18239639,-0.20536851,0.078681407
0.0038421856,0.0024239016,0.0027765586,0.16584204,-0.19471085,0.04356143
0.0035167777,0.0026522483,0.0028951887,0.15720118,-0.1991213,0.049157626
0.0029367194,0.0025783076,0.0028092355,0.1699311,-0.23321531,0.078268559
0.0032057507,0.0027186891,0.0029836995,0.16767485,-0.20141975,0.041854009
0.0033661197,0.0028609888,0.002919068,0.15498268,-0.19502888,0.042808984
0.0026364624,0.0027608441,0.0025661217,0.17320962,-0.21108192,0.00042194543
0.0034386418,0.0029997048,0.0030202801,0.17175309,-0.16014373,-0.0013997936
0.0024543722,0.0029060341,0.0026979792,0.17566529,-0.20910671,0.021107972
0.0030883209,0.0029719357,0.0030676706,0.17508193,-0.16129206,0.0071713317
0.0024118222,0.0028680442,0.0028195963,0.17753523,-0.2023545,0.031989002
0.0033782761,0.0027782578,0.0032636591,0.18256395,-0.15543261,-0.016804964
0.0024802222,0.0027652563,0.003140106,0.18560541,-0.19721149,0.024183573
0.0032576082,0.0026790673,0.0033251845,0.2094273,-0.17560982,-0.055370546
0.0024413908,0.0026952971,0.0032100675,0.19397614,-0.19159035,-0.015833421
0.0032907162,0.0025003358,0.0029162508,0.19481236,-0.17342266,-0.085628151
0.003451607,0.0022366099,0.0028979045,0.17847973,-0.17422507,-0.067229694
0.0032047708,0.0023900539,0.0027864994,0.18627356,-0.18380301,-0.082844357
0.0032958572,0.0021524116,0.0030772937,0.18689152,-0.16915173,-0.028224687
0.0028979046,0.0019547849,0.0028574263,0.19325906,-0.17916196,-0.059268029
0.0032773658,0.001969395,0.0032919447,0.19135514,-0.14799111,-0.040900803
0.002557217,0.0021008701,0.0027995984,0.1929565,-0.18854605,-0.075078421
0.0035822783,0.002218943,0.0029477835,0.18420668,-0.15430883,-0.068974578
0.0042227558,0.0018346375,0.0023847256,0.17237121,-0.20698688,-0.080835226
0.0039289072,0.0021967322,0.0026513782,0.17395643,-0.14503818,-0.075700306
0.0024325982,0.0025755347,0.0024877654,0.16751651,-0.16247154,0.035258671
0.0027143678,0.002643147,0.0023808892,0.17041561,-0.16658391,-0.018263272
0.0029155796,0.0026203616,0.0022516744,0.148563,-0.15922335,0.030321246
0.0022327012,0.0021557377,0.0017581185,0.14951797,-0.18515262,-0.0021317684
0.0032437961,0.0024994124,0.0017503191,0.12800929,-0.13551738,-0.016542807
0.0021490813,0.0021808328,0.0016722314,0.13723757,-0.16695893,0.0022971463
0.0028662086,0.0025013994,0.0016448668,0.12769498,-0.14469761,-0.028029847
0.0023373009,0.0025449299,0.0018942614,0.14344744,-0.18187201,0.02205321
0.0027356276,0.0027087323,0.0018550225,0.14305875,-0.17508135,-0.031960626
0.0026383554,0.0027163661,0.0014775029,0.11203004,-0.16332988,0.0061858245
0.0026930216,0.0025137233,0.001485746,0.12420205,-0.16038392,-0.057073433
0.0027584047,0.0025995437,0.0013669425,0.10601521,-0.1588945,-0.00015323051
0.0023150258,0.002171234,0.0013459531,0.12945736,-0.18053807,-0.039832747
0.0031939239,0.0026182742,0.001581382,0.12617023,-0.16070766,-0.020157129
0.002892238,0.0024445962,0.0016572582,0.14695125,-0.20145878,-0.027764455
0.0032860547,0.0028147742,0.0018369381,0.13589441,-0.15180882,-0.027679418
0.002689409,0.0027290943,0.0016622624,0.13959385,-0.19239281,-0.033760415
0.0035489533,0.0028729205,0.0020223445,0.13855339,-0.1520563,-0.065854861
0.0025842649,0.0027247435,0.0018267225,0.14283064,-0.21203843,-0.052877727
0.003180361,0.0028697619,0.0020546636,0.14601142,-0.14806114,-0.065840515
0.0025478123,0.0027297219,0.0021926582,0.16048836,-0.18354334,-0.029933798
0.0027247648,0.002982789,0.002730836,0.18798326,-0.14688262,-0.047009993
0.0022546024,0.0029102454,0.0028254548,0.18920367,-0.15922313,-0.010671453
0.0024201708,0.0029959272,0.0027139291,0.19333459,-0.16275888,-0.058304982
0.0030389152,0.0029561523,0.003028399,0.18214983,-0.12645663,-0.060993372
0.0022280596,0.0029602599,0.0023389084,0.1814573,-0.2029545,-0.056299514
0.0031638117,0.003234258,0.0025267584,0.17639313,-0.16722948,-0.093061131
0.0028093443,0.0030481889,0.0024990524,0.15965646,-0.16612255,-0.056175763
0.0028229279,0.0032779484,0.0025452173,0.18277126,-0.17573279,-0.094901796
0.0030813623,0.0029920524,0.0028643738,0.1889216,-0.15271866,-0.073027243
0.0027610432,0.0031056826,0.002688473,0.20340951,-0.18508541,-0.12420114
0.0040644466,0.0029728762,0.0031161801,0.20809326,-0.13978142,-0.13292428
0.0037818038,0.0023926269,0.0028626751,0.21227248,-0.19691551,-0.12102906
0.0040887083,0.0022474993,0.0026300349,0.18999967,-0.1634197,-0.12972039
0.0034690075,0.0020558494,0.0025667286,0.16468891,-0.19381406,-0.091957768
0.0031089109,0.0022549181,0.0018453036,0.14260971,-0.33432288,-0.063720618
0.0040317461,0.0024365004,0.0018487526,0.13353661,-0.21197724,-0.10555995
0.0035735859,0.0023995221,0.0020957397,0.13416675,-0.17491178,-0.073356609
0.0034756991,0.0024306102,0.0026551161,0.16879826,-0.16575601,-0.067665047
0.0030335487,0.0027388239,0.002951673,0.18010604,-0.17486841,-0.043499671
0.0031096945,0.0029885965,0.0030164545,0.19119198,-0.18368989,-0.051419405
0.003344222,0.0028573936,0.0032867789,0.19361672,-0.14203222,-0.058382087
