0,0,0,0,0,0
-0.00010709069,9.8559632e-05,0.0010431608,0.019776317,0.080201503,-0.071010452
-0.00017877958,0.00028996656,0.0011875258,0.03766634,0.011019987,-0.01988043
4.4014257e-06,-9.6412661e-05,0.0013541181,0.039917247,0.052504906,-0.098278545
-0.00016694641,-0.00040331421,0.0017964541,0.059979278,0.020282627,-0.11239335
-0.0003072973,-0.00044465491,0.0020856737,0.075633019,0.023359911,-0.13273227
-0.00067784213,-0.00052108539,0.002175088,0.080623495,-0.014756827,-0.13939358
-0.000420819,-0.00044712403,0.0023424086,0.07122002,0.0026463364,-0.15302672
0.0037187372,0.0012342508,0.0034430197,0.15830363,-0.053354123,-0.090820762
0.00071452639,-0.0005878941,0.0045937415,0.14833234,0.053132266,-0.087243034
0.00060879795,-0.00080807135,0.0043657072,0.1162352,0.030704054,-0.10284138
0.00050452818,-0.00087298855,0.0044454075,0.11362518,-0.0073931418,-0.12266324
0.00062859072,-0.00038924663,0.0045542313,0.12766264,-0.029572303,-0.11587193
0.00073934787,-0.00071526716,0.0047437778,0.14224687,0.012664748,-0.19565862
0.0006285875,-0.00065317907,0.0046383471,0.12825178,-0.020649154,-0.18869068
0.00063870598,-0.0004666991,0.0047348305,0.12102123,-0.023944959,-0.22255153
0.0010637653,-0.00040218358,0.0046444789,0.11073834,-0.096737178,-0.19152282
0.0010857549,-0.00044269377,0.0050423445,0.12740133,-0.097246293,-0.23870332
0.00069830335,-0.00066686246,0.0049495068,0.11064088,0.0073408021,-0.20087444
0.00091452288,-0.00012474725,0.0049165046,0.099602157,-0.085808184,-0.18656092
-0.00023841384,-0.00083832907,0.0053062307,0.10343193,0.0026185719,-0.19413543
5.6439827e-05,-0.00050187131,0.004997081,0.091554749,-0.036538471,-0.19535923
0.00019197732,-0.00076053908,0.0046265383,0.071669173,-0.061799635,-0.2120716
0.00025370224,-0.00070990529,0.004110225,0.046574822,-0.086824316,-0.20531369
0.00016447327,-0.00083213386,0.0041603548,0.052987436,-0.045125946,-0.22719426
0.00022330867,-0.00096692225,0.0041323103,0.051229131,-0.066312478,-0.20934501
0.00024174278,-0.00067533126,0.0040211419,0.040804174,-0.074648704,-0.17824265
0.00019317684,-0.001213343,0.0041770365,0.047777845,-0.035018172,-0.14618816
-9.6237443e-05,-0.0010650582,0.0042947153,0.04398024,-0.12661971,-0.13324097
-8.8567501e-05,-0.00084302365,0.0046825213,0.076512779,-0.020115354,-0.12842916
1.2207512e-05,-0.001027248,0.0045610853,0.064049497,-0.060501757,-0.15387045
0.00033109095,-0.00120248,0.0042701484,0.039876529,-0.1346024,-0.18255522
0.00019378834,-0.0014151416,0.0040835053,0.028513653,-0.092089698,-0.16163405
0.00066636064,-0.00085712085,0.0039145064,0.046861746,-0.15680762,-0.18693401
0.00065463959,-0.00091676441,0.0036722435,0.030813806,-0.14111575,-0.18780568
0.00089696764,-0.0013942454,0.0032844296,-0.003626371,-0.1348926,-0.22365562
0.00090133531,-0.001339727,0.0032470193,0.0068722093,-0.14657429,-0.17456746
0.0012076097,-0.0012862588,0.0032828176,0.016771171,-0.11709285,-0.15013184
0.0010737443,-0.00086044855,0.0034752902,0.0075644641,-0.13356237,-0.14086312
0.001098594,-0.00027355365,0.0038502455,0.026983076,-0.146723,-0.15955396
0.0010813371,-0.00083916196,0.0034843143,-0.0059030038,-0.16366408,-0.1605078
0.0013591571,-0.0011625847,0.0032356904,-0.018776389,-0.17231823,-0.19926827
0.0013979759,-0.0010660998,0.0037399676,0.023548378,-0.12327667,-0.25605164
0.0013897239,-0.00098560083,0.003722694,0.028220368,-0.15477075,-0.24342618
0.00098087566,-0.0012435393,0.0039300321,0.02702199,-0.13391083,-0.2295615
0.0010903204,-0.0012654914,0.0032848839,0.012160377,-0.17161063,-0.20871416
0.0011133828,-0.002208431,0.0030111881,0.036141779,-0.076922022,-0.17921254
0.0011580232,-0.0022736069,0.0025360802,0.035910831,-0.14685334,-0.050075431
0.00070041583,-0.0024709067,0.0034815648,0.040091242,-0.094648551,-0.069156624
0.0006056705,-0.0020610309,0.0033880058,0.019150584,-0.1472136,-0.1208416
0.0011998638,-0.001984013,0.0036746702,0.010688062,-0.0669166,-0.2370906
0.0014483139,-0.0018109855,0.0034917742,0.020045871,-0.11411168,-0.23871792
0.0011942708,-0.0017380807,0.0034948555,0.0035334019,-0.10719269,-0.26579271
0.0012520968,-0.0018178282,0.0031214894,0.0017446821,-0.14359137,-0.26504152
0.0010683807,-0.0019649921,0.0033081347,-0.0049524086,-0.1292913,-0.23379867
0.0011705684,-0.0017359093,0.0033980435,0.0067880119,-0.13847371,-0.23431041
0.0011053142,-0.0014054058,0.0038199361,0.003262481,-0.075358538,-0.250228
0.0014584358,-0.001533486,0.0041293833,0.019952219,-0.081155949,-0.22727937
0.00096486719,-0.0014164507,0.0038746878,0.00061297002,-0.12963956,-0.24392376
0.00080266737,-0.0016628208,0.0035523757,-0.024527543,-0.10609789,-0.27482422
0.00093313828,-0.001619201,0.0032322874,-0.037180549,-0.17366946,-0.27450997
0.00081008252,-0.0014889361,0.0032529041,-0.059557495,-0.15913285,-0.23208531
0.00078311163,-0.0015970209,0.0031314835,-0.065172896,-0.15856206,-0.28705317
0.00093257091,-0.0013540716,0.0032217041,-0.075980635,-0.16950016,-0.27478732
0.0010017089,-0.0013068101,0.0032272822,-0.080012943,-0.16521779,-0.26801172
0.001269367,-0.0011519179,0.0032643061,-0.053365214,-0.13753781,-0.23287272
0.0021817702,-0.0012108194,0.003403345,-0.048890563,-0.13656997,-0.24320464
0.0020350771,-0.0016099879,0.0031087223,-0.086520608,-0.11782354,-0.23722944
0.0019167265,-0.0016082627,0.0026819606,-0.11710371,-0.19807886,-0.27660728
0.0030863163,-0.0016509685,0.0022413665,-0.11714683,-0.17083728,-0.30651483
0.0035493082,-0.0016602062,0.0013430632,-0.10204874,-0.21960246,-0.18491445
0.0024714712,-0.0018620333,0.0026091046,-0.087718915,-0.055349294,-0.29377905
0.0029484333,-0.0010818341,0.0026333269,-0.079974447,-0.11137357,-0.21790248
0.0024431929,-0.00087288506,0.0031430285,-0.058176039,-0.061607614,-0.2502327
0.0024143976,-0.0011952867,0.0029231327,-0.095575164,-0.12943364,-0.24832888
0.0020479721,-0.001301563,0.0032657648,-0.072607062,-0.10748783,-0.22795051
0.0022541984,-0.0011231629,0.0032216976,-0.076214192,-0.15983677,-0.1996721
0.0025046624,-0.0012357064,0.0034321471,-0.091821027,-0.10619515,-0.24418859
0.0025865644,-0.001274773,0.0030320134,-0.10296126,-0.17489537,-0.24170706
0.0023838676,-0.0012738105,0.0035215832,-0.07276378,-0.13785237,-0.26820565
0.0029024521,-0.0010217594,0.0031749219,-0.078676099,-0.15065832,-0.28831009
0.002654343,-0.00079073637,0.0035348667,-0.064916882,-0.084928491,-0.32996047
0.0024904113,-0.0007896825,0.003397802,-0.079043067,-0.1625648,-0.30424614
0.0024037579,-0.00083433742,0.0035329817,-0.071200911,-0.15816393,-0.32048635
0.0025331789,-0.00087382145,0.0032339391,-0.088014385,-0.13632559,-0.28559138
0.0023925904,-0.00094474271,0.0032762069,-0.10105723,-0.15724973,-0.30709088
0.002385697,-0.00074429759,0.0028509471,-0.13202061,-0.14844292,-0.24530155
0.0024682384,-0.00086208565,0.0030387768,-0.1261943,-0.17044191,-0.26791468
0.0026845932,-0.00077906629,0.0027968454,-0.14614974,-0.15907575,-0.29646113
0.0026532558,-0.0007413808,0.0030546585,-0.17378309,-0.17174522,-0.30544993
0.0025067941,-0.00046429361,0.0029679358,-0.17043753,-0.16031981,-0.27520136
0.0022717366,-0.00044877781,0.0032969979,-0.17692123,-0.1453365,-0.30865992
0.0023109314,-0.00022900644,0.0033903911,-0.16610626,-0.14689833,-0.29222304
0.0024099762,3.2946634e-05,0.0035885562,-0.1697099,-0.16429697,-0.31236759
0.0025337176,-0.00049631442,0.0031446297,-0.14432799,-0.11790019,-0.23333109
0.0018977461,-0.0013396687,0.0032848223,-0.13586921,-0.13291533,-0.13594692
0.0015743435,-0.0010869754,0.0035834864,-0.12805479,-0.11096434,-0.1410646
0.0018389081,-0.00094083597,0.003628318,-0.15506865,-0.12361797,-0.22802667
0.0019587632,-0.00063180061,0.0038962535,-0.1690205,-0.10635957,-0.25432041
0.0016351375,-0.00050226508,0.0039556428,-0.16452028,-0.11712892,-0.16222783
0.0017915723,-0.00067746667,0.0036892167,-0.2012457,-0.13577706,-0.15014255
0.0016296481,-0.00042016773,0.0034745692,-0.20436671,-0.16996951,-0.15407305
0.0017833002,-0.00041064674,0.0033233828,-0.21770682,-0.13187794,-0.17215736
0.0015887152,-0.00025901154,0.0032124475,-0.21330245,-0.15371592,-0.16440268
0.0015656668,9.4268017e-05,0.0036279803,-0.1888876,-0.08159277,-0.1665537
0.0013716202,2.7521216e-05,0.0035414031,-0.20730603,-0.12313029,-0.14683431
0.0015845105,0.00030259295,0.0036195063,-0.21782929,-0.13787083,-0.20114535
0.0016850319,0.00060048161,0.0034410828,-0.23511186,-0.14368928,-0.17465526
0.0015688086,0.00067155981,0.003378484,-0.23628824,-0.19342749,-0.17160612
0.0016286802,0.00080176372,0.003322368,-0.22588838,-0.13735799,-0.19684322
0.0014306933,6.7281234e-05,0.0028437641,-0.21433139,-0.12901255,-0.22523364
0.0012300368,-0.00015764287,0.0031172577,-0.19857142,-0.093434909,-0.23031524
0.0014029985,0.00041136797,0.002772614,-0.22561367,-0.13793505,-0.21783982
0.0014052122,0.00028815087,0.0030302862,-0.19876634,-0.08534345,-0.23393822
0.0014904825,0.00039349477,0.0030090473,-0.20306055,-0.095326197,-0.16630237
0.0011804393,0.00052075189,0.0031675254,-0.23028742,-0.095356861,-0.16137897
0.0010530117,0.00062983305,0.0030036039,-0.23390497,-0.13187385,-0.15363253
0.0012208402,0.00061301124,0.0032983828,-0.21662007,-0.1292411,-0.18676818
0.0019698223,0.0011811779,0.0030726652,-0.17016834,-0.16420596,-0.20126583
0.0017179001,0.0011275059,0.0030746147,-0.14397491,-0.23619797,-0.19115173
0.00085078273,0.00052621191,0.0035215546,-0.18150786,-0.054534395,-0.24809015
0.00075659978,0.0011705333,0.0036114954,-0.21175534,-0.071383001,-0.18230286
0.00084999238,0.0013102802,0.0038091437,-0.21658269,-0.031060113,-0.19957559
0.00066674654,0.0013789037,0.0039361564,-0.20419862,-0.06899698,-0.14166528
0.00070164954,0.0011647028,0.0038533347,-0.23230681,-0.11222889,-0.12950694
0.0009810697,0.001216019,0.0041245019,-0.19121334,-0.036054898,-0.14439751
0.0013476462,0.0010079594,0.0045360544,-0.19124881,-0.028493629,-0.17252371
0.00095184631,0.0013006945,0.0038360796,-0.19873126,-0.089463883,-0.15927435
0.0010245431,0.0013069534,0.0043034695,-0.1827437,-0.041681801,-0.19680665
0.00084472349,0.0018227308,0.0037325743,-0.2055957,-0.10633097,-0.16925105
0.00073313312,0.0018210046,0.0036789821,-0.23290335,-0.12326117,-0.17275726
0.00072587666,0.0015823394,0.0037326728,-0.23052839,-0.12223434,-0.19847582
0.00083529133,0.0017419953,0.0040283877,-0.2248647,-0.10787566,-0.16573414
0.00056591004,0.0014218773,0.0037757828,-0.2249269,-0.1095767,-0.15518316
0.0008639327,0.0019801265,0.0038932953,-0.21608214,-0.12301823,-0.1569458
0.0012197084,0.0026926986,0.0036709188,-0.22519373,-0.22108001,-0.13790956
0.00094595371,0.0021963272,0.0040226519,-0.23349689,-0.10741388,-0.28456737
0.00058841358,0.0021414242,0.0034321888,-0.24438558,-0.12264488,-0.2050576
0.00065177008,0.001922063,0.0039433284,-0.25024316,-0.087075,-0.23935989
0.00093422474,0.001905675,0.0023937592,-0.22698775,-0.12789489,-0.13273748
0.00037193555,0.0010608692,0.0018712741,-0.20573309,-0.19451543,-0.061560263
-7.1339121e-05,0.0018508326,0.0029184686,-0.18433836,-0.0076525974,-0.15291525
-0.00027853209,0.0017729789,0.0025287722,-0.21446259,-0.021923882,-0.0674021
5.6231958e-05,0.0022724793,0.0028025069,-0.2300449,-0.031887604,-0.10157092
-9.6850945e-05,0.0020385996,0.0028187413,-0.23360689,-0.038546792,-0.030645662
-9.4202447e-05,0.0020985136,0.0026340228,-0.27114699,-0.07507083,-0.098396325
-1.5435408e-05,0.002276965,0.0023624218,-0.2806922,-0.071300923,-0.095280869
0.00010296677,0.0021573973,0.0023381515,-0.2882147,-0.080653097,-0.13861979
-5.5136589e-05,0.0024885963,0.0022928794,-0.3028968,-0.094006795,-0.12452778
-0.00012408498,0.0028300752,0.0023104705,-0.31747836,-0.12752567,-0.11242623
-0.00016038563,0.0031712361,0.0025368569,-0.29277712,-0.075949554,-0.12828229
-0.00022688194,0.003371599,0.0028697563,-0.26216532,-0.10867904,-0.087546512
-0.0002265468,0.0028430119,0.0026030161,-0.25805085,-0.051880352,-0.038934259
-0.00036340078,0.0035843546,0.0028253274,-0.25336796,-0.13221391,-0.053500927
-0.00045155439,0.003504855,0.0032017886,-0.24568861,-0.052245917,-0.097014156
-0.00054455606,0.0037401224,0.0028984665,-0.28098769,-0.12094733,-0.093543569
-0.00043166589,0.0039382191,0.0028892045,-0.27600018,-0.081587056,-0.094601529
-0.00036230485,0.0038033897,0.0028498659,-0.26737012,-0.10429692,-0.066155599
-0.00032272034,0.0037558891,0.0028917734,-0.26337555,-0.068872194,-0.071167797
-0.00054617842,0.0038309968,0.0027069812,-0.29334983,-0.11717434,-0.045114668
-0.00045871059,0.0039624042,0.0028318808,-0.28465542,-0.085920732,-0.053896232
-0.00053619991,0.0040413035,0.002924899,-0.29742414,-0.10871524,-0.026193022
-0.00047967884,0.0042919866,0.0031606627,-0.28546531,-0.078074742,-0.030519417
-0.00053265153,0.0042567068,0.0030733855,-0.29046646,-0.11559397,-0.048193746
-0.00075228549,0.0044013676,0.0027999467,-0.31370684,-0.12750398,-0.05571276
-0.0010013221,0.0043368504,0.0027206241,-0.3278438,-0.11202181,-0.027891631
-0.0010143144,0.0043745247,0.0022218048,-0.36066459,-0.1551179,-0.03992663
-0.00095817207,0.0043108,0.0023518252,-0.34845908,-0.081772488,-0.078699996
-0.00085354252,0.0043689071,0.0019641774,-0.36569475,-0.15158994,-0.028848427
-0.00069871372,0.0042471838,0.0022360868,-0.32851374,-0.077216237,-0.024011026
-0.00077207416,0.0045210799,0.0018867031,-0.33940266,-0.14640412,0.026770689
-0.0010249432,0.0048543348,0.002320104,-0.31973957,-0.13045486,-0.014120587
-0.0010182358,0.0048780023,0.0023389756,-0.3277172,-0.097480941,0.017726915
-0.0013636532,0.0050287336,0.0022798414,-0.32789654,-0.15451713,0.0031595264
-0.00084088714,0.0055841444,0.0027180705,-0.28680584,-0.084087999,-0.016796299
0.00056501905,0.0057952117,0.0027676297,-0.28319039,-0.11955348,-0.096621398
0.00061436185,0.0055691151,0.0025681919,-0.23144875,-0.023687761,-0.16948803
5.6451299e-05,0.0055105104,0.0024256796,-0.2620097,-0.1051199,-0.10162271
-0.00017146663,0.0056934703,0.0023755307,-0.27092238,-0.068536168,-0.1313666
-0.00071231509,0.0057824562,0.0021045136,-0.30397259,-0.12326452,-0.098521514
-2.6984552e-05,0.006015692,0.0021135081,-0.28819857,-0.10370172,-0.121346
-0.00064290822,0.0062858827,0.0022609132,-0.29984168,-0.16468386,-0.090836547
-0.00022995934,0.006298767,0.0022423847,-0.26890156,-0.052633341,-0.13481628
-0.00052937449,0.0065120999,0.0020187465,-0.33414766,-0.15479522,-0.13766301
-0.00039021003,0.0062977164,0.0016573449,-0.34783933,-0.13081569,-0.1481881
-0.00071353857,0.0065665085,0.0014933378,-0.35568064,-0.15514185,-0.12808194
-0.00040767706,0.0069078997,0.0011618689,-0.36558134,-0.16442599,-0.10954274
-0.00085265677,0.0071986178,0.0014806449,-0.37877545,-0.15546927,-0.10049318
0.0011094381,0.006205159,0.00079519695,-0.29677686,-0.14546122,-0.079664882
0.0014537765,0.0053300118,0.0004216094,-0.29481037,-0.20528336,-0.0053795711
0.0017646716,0.0040825102,0.0011477106,-0.27009993,0.016183007,-0.10809038
0.00077994935,0.0046825833,0.00055242592,-0.33510627,-0.12820889,0.0089296328
-0.00043049938,0.0049786237,0.0010690905,-0.35923694,-0.10024886,-0.043885245
-0.00023642151,0.005297152,0.00074888836,-0.3802724,-0.14678992,-0.008656735
-0.00017936956,0.005870303,0.0011243041,-0.37732678,-0.14002287,-0.028923429
-5.0941475e-05,0.0061710262,0.0011464498,-0.37483843,-0.1496122,-0.00085464933
-0.00021101284,0.0062176423,0.0013874835,-0.3578578,-0.085044804,-0.090105231
-0.00020086296,0.0066265983,0.0013395136,-0.36703709,-0.13104451,-0.029673864
0.0001376686,0.0063393604,0.0015133533,-0.34762172,-0.09216118,-0.13203017
0.00015514681,0.0061425525,0.002323057,-0.27165176,-0.066839481,-0.1971004
-0.00046365779,0.0063866683,0.0020748568,-0.26702358,-0.097500227,-0.1483533
-0.00051355727,0.0066182549,0.0019729979,-0.25057885,-0.096231199,-0.17310151
-0.00040112265,0.0064426953,0.0019394584,-0.26592324,-0.11439382,-0.20053011
1.4792939e-05,0.0062416576,0.001370816,-0.29636,-0.12839936,-0.25743115
-0.00023998091,0.0064303589,0.0014492272,-0.31166156,-0.12519102,-0.24049203
0.00038206436,0.0065174063,0.0012797674,-0.29435605,-0.10904778,-0.26868927
0.00048734315,0.006757937,0.0015835987,-0.30051283,-0.12396073,-0.29500548
0.00047706031,0.0070298442,0.0012788219,-0.32999059,-0.14349597,-0.28591773
0.00066825876,0.007019698,0.0010825722,-0.34990096,-0.1656777,-0.28040164
0.0011138347,0.0074399644,0.0013872011,-0.31454396,-0.14911392,-0.29093067
0.0012811074,0.0074821081,0.0013961639,-0.32114678,-0.14696693,-0.23999474
0.0011520961,0.0073872415,0.0012453562,-0.31856947,-0.16869758,-0.23151356
0.0012556228,0.0075024448,0.001205366,-0.35566629,-0.19552164,-0.26673097
0.0010202864,0.007514597,0.0011457722,-0.36876431,-0.18868952,-0.27532654
0.00071810348,0.0078572789,0.0012569505,-0.36682777,-0.178344,-0.28576457
0.0010111414,0.0079549253,0.0011384215,-0.36906526,-0.18653455,-0.29969337
0.0010349821,0.0077879081,0.00076601398,-0.3789715,-0.17334184,-0.31259183
0.001129184,0.0076461448,0.00076039412,-0.37412472,-0.19318452,-0.33003269
0.001264767,0.0079079808,0.0011005097,-0.3622827,-0.13375564,-0.31929065
0.0016544404,0.0080911049,0.0007291875,-0.36662685,-0.16676008,-0.27619349
0.0016578701,0.0079313927,0.0006745415,-0.36689888,-0.1394494,-0.21902595
0.0015531366,0.0080015217,0.00025959073,-0.39091083,-0.20987567,-0.25311831
0.0020235991,0.0083557481,4.9943877e-05,-0.40383465,-0.20197363,-0.28237946
0.0018203927,0.0087631179,0.00030629051,-0.37590151,-0.20624545,-0.26047047
0.0020626012,0.0087689194,0.00057567269,-0.38955426,-0.17554128,-0.27582937
0.0024906687,0.0088249921,0.00038901075,-0.40664483,-0.20910813,-0.33582627
0.0020522051,0.0086922432,0.00054606402,-0.37310476,-0.14057572,-0.31792475
0.0022725801,0.0086595595,0.00017389202,-0.40050696,-0.17262149,-0.35726891
0.0023876482,0.0089953359,6.0177022e-05,-0.40223546,-0.13432334,-0.40287444
0.0023702116,0.0092405283,3.9188644e-05,-0.39523279,-0.18627024,-0.36510973
0.0023268449,0.0091757851,0.00021328512,-0.38157675,-0.12122409,-0.34759344
0.0022333087,0.0092175806,-2.8750026e-05,-0.41001827,-0.21324811,-0.31546343
0.0020569908,0.0093264551,-0.00060952189,-0.42471444,-0.18635705,-0.35530856
0.0023085363,0.0092041441,-0.00084999219,-0.4221049,-0.22540199,-0.34704909
0.0024052579,0.009027078,-0.00091275844,-0.43428131,-0.18922209,-0.40797685
0.0027054802,0.0088268047,-0.0014923155,-0.44365697,-0.20506132,-0.3784085
0.0024316468,0.0092372532,-0.0014320358,-0.43102255,-0.16946676,-0.38656688
0.0025750053,0.0092702967,-0.0012359364,-0.41753766,-0.1989928,-0.27897696
0.002196193,0.0094843366,-0.0010645409,-0.41591708,-0.1653668,-0.2659572
0.0030436162,0.0091943847,-0.0016136792,-0.44693785,-0.17236073,-0.25728651
0.0037605585,0.0088358059,-0.0021165286,-0.48699272,-0.15521257,-0.35966307
0.0034083856,0.0088165491,-0.0022768036,-0.54273787,-0.18071097,-0.3620003
0.0034302343,0.0085656748,-0.0026810711,-0.56873638,-0.20634162,-0.36032572
0.0035125014,0.0081473079,-0.0025349645,-0.51362003,-0.13512245,-0.40647149
0.003684169,0.0079831411,-0.0028904466,-0.53294227,-0.18364818,-0.41695982
0.0038477931,0.0079089794,-0.0032334461,-0.5646302,-0.16660938,-0.44064249
0.0038600123,0.0083682979,-0.0034753015,-0.53830804,-0.21412856,-0.37578295
0.0039177705,0.0085681468,-0.0031435105,-0.52224034,-0.18351728,-0.33817331
0.003725365,0.0084644137,-0.0032907921,-0.53590698,-0.21918246,-0.28236657
0.0042391169,0.0086912808,-0.0028840078,-0.5221414,-0.089784199,-0.35618341
0.0051659774,0.0076715313,-0.0036169575,-0.55483885,-0.18260961,-0.38683097
0.0044835735,0.0079501765,-0.003779278,-0.57348698,-0.17314957,-0.41373944
0.0043271637,0.0080861137,-0.0037415725,-0.56860834,-0.21213073,-0.39308941
0.0044792185,0.0075453634,-0.0043539168,-0.59104551,-0.18562719,-0.41319221
0.0043796975,0.0079116876,-0.0043644131,-0.56368946,-0.21062551,-0.35751854
0.0041870363,0.0079439148,-0.0044891162,-0.57794962,-0.27351667,-0.40438548
0.0043053765,0.0082004096,-0.004025876,-0.57417978,-0.12946653,-0.41945627
0.004351573,0.0082169991,-0.0040713797,-0.59314385,-0.24088016,-0.36718298
0.0047017938,0.0079474195,-0.0042592913,-0.60296243,-0.17477567,-0.37309827
0.0045283394,0.0079856359,-0.0045309625,-0.62101006,-0.22694399,-0.36329737
0.0046497023,0.0078077648,-0.0044841086,-0.62428174,-0.1941877,-0.40357592
0.0047112121,0.0078372849,-0.0046275298,-0.66284313,-0.23890614,-0.38205675
0.0046425095,0.0079000925,-0.0046855839,-0.6328095,-0.21389529,-0.3524167
0.0047478572,0.0078380759,-0.0046857278,-0.65016442,-0.22605268,-0.34551504
0.0046638483,0.0079146118,-0.0044207564,-0.64045632,-0.20272146,-0.3984583
0.0047711504,0.0080851753,-0.0044916204,-0.64802736,-0.23368918,-0.40584614
0.004858869,0.0084254736,-0.0042536703,-0.63066825,-0.17610466,-0.38850854
0.0048045846,0.0083881483,-0.0043216342,-0.63612602,-0.2287037,-0.338228
0.0049623795,0.0083911802,-0.0042593033,-0.63392785,-0.19675882,-0.38027403
0.005139756,0.00829428,-0.0044061578,-0.65080086,-0.22427014,-0.38700234
0.0051412842,0.0082406449,-0.0048044355,-0.65942371,-0.17841768,-0.41102366
0.0052833035,0.008657915,-0.0045525025,-0.6297845,-0.21873993,-0.38018482
0.0050234403,0.0083425555,-0.0047523719,-0.64932808,-0.17843246,-0.39055413
0.0049514748,0.0084978494,-0.0049187958,-0.6446438,-0.25625634,-0.36954328
0.0050739329,0.0085876998,-0.0045864417,-0.62768768,-0.15812357,-0.42206552
0.004963064,0.0085925329,-0.004970778,-0.63969111,-0.21510108,-0.33268669
0.0050215889,0.0085792064,-0.0049861963,-0.6402463,-0.186533,-0.30794249
0.0048235978,0.0079452827,-0.0049715972,-0.65039831,-0.18615459,-0.29757211
0.0046749085,0.0081052711,-0.0048675034,-0.66048569,-0.25449629,-0.34356478
0.0047486368,0.0079796162,-0.0048609874,-0.66520167,-0.20243085,-0.35191337
0.0048646442,0.0080989931,-0.0049032067,-0.67431306,-0.23057404,-0.37021114
0.0051645347,0.008280523,-0.0048979231,-0.6660758,-0.22472776,-0.39466185
0.0051000437,0.0083918567,-0.0050118488,-0.67420699,-0.21193126,-0.40469984
0.005251167,0.0087138055,-0.0046064488,-0.65018235,-0.21800588,-0.43027203
0.0053499918,0.0087340729,-0.0044936291,-0.65503544,-0.21384285,-0.4535946
0.0053400847,0.009109062,-0.0047646823,-0.66624097,-0.24779349,-0.44861561
0.0054023476,0.0086932309,-0.0045062899,-0.67017402,-0.22046699,-0.46419158
0.0054552852,0.0087005995,-0.0049609599,-0.67438701,-0.25032199,-0.39228115
0.0055785066,0.0084140672,-0.0049706547,-0.68037338,-0.22181604,-0.40293212
0.0056217974,0.008337257,-0.0052366176,-0.70074444,-0.24692326,-0.40864267
0.0058988782,0.0083557025,-0.005175603,-0.70219834,-0.24042448,-0.41461957
0.0061919119,0.008868729,-0.0053803021,-0.69752853,-0.24824348,-0.39508851
0.0064924143,0.0086738535,-0.0056310703,-0.70664296,-0.24718473,-0.41479
0.0068035509,0.0089923003,-0.0059319204,-0.7273835,-0.26074436,-0.41608687
0.0070008453,0.0093143743,-0.0058648303,-0.70182488,-0.26125434,-0.42295019
0.0069237904,0.0088295764,-0.0055945156,-0.6603249,-0.26936879,-0.33372055
0.0066355366,0.0083471067,-0.0050983926,-0.59235551,-0.2322486,-0.28719337
0.0066946662,0.007644154,-0.0051774702,-0.61661883,-0.25352318,-0.30657736
0.0065945588,0.0076428919,-0.0053354827,-0.62187215,-0.25842295,-0.31793486
0.0071509802,0.0078569264,-0.0053169953,-0.62096825,-0.27483652,-0.33658587
0.0072573634,0.0077641836,-0.0054933132,-0.62779556,-0.24641704,-0.35681137
0.0083025284,0.0084533084,-0.0055174487,-0.60914313,-0.33489505,-0.35100966
0.0088777616,0.0081288721,-0.0057072738,-0.60538788,-0.2329286,-0.45175786
0.0085636903,0.0083578626,-0.0055259073,-0.58467342,-0.17856925,-0.39697587
0.010719687,0.0087938767,-0.0048205988,-0.50223831,-0.12981729,-0.56698052
0.011172702,0.0088170682,-0.0053022959,-0.48877065,-0.098693472,-0.52433663
0.01116972,0.008914604,-0.0058882063,-0.50011445,-0.21180595,-0.4633237
0.011395345,0.00871265,-0.0063542601,-0.54579156,-0.1448418,-0.47613718
0.012025511,0.0086208564,-0.0072015908,-0.59555656,-0.23799203,-0.42569465
0.012100888,0.0092379017,-0.0074007075,-0.582671,-0.19627822,-0.41839901
0.011955792,0.0094774478,-0.0071250021,-0.54988338,-0.20986748,-0.37864734
0.012163485,0.0096131384,-0.0072971123,-0.56311099,-0.20219417,-0.4058048
0.012563154,0.010170507,-0.0070680277,-0.54182167,-0.23012355,-0.42446978
0.012332216,0.010194474,-0.0061811129,-0.53653576,-0.15404274,-0.51593208
0.012179376,0.010193819,-0.0057008793,-0.50017677,-0.12517339,-0.48063607
0.012738186,0.010131276,-0.0060684851,-0.5013047,-0.14465216,-0.51822922
0.012753323,0.0099913194,-0.0061918414,-0.4924047,-0.12159166,-0.47775508
0.013002115,0.010127693,-0.0061654586,-0.49919406,-0.17555071,-0.44949255
0.012830618,0.010281311,-0.005897484,-0.49612532,-0.14094383,-0.43089514
0.012960897,0.0099132949,-0.0064739393,-0.52623376,-0.19364167,-0.45821981
0.012477904,0.00975217,-0.0064591055,-0.52028524,-0.14253238,-0.47300237
0.012518,0.0099278037,-0.0063939467,-0.51904485,-0.16882005,-0.46389191
0.012507772,0.010038704,-0.0064278462,-0.51186267,-0.11307413,-0.47970245
0.012608702,0.0100791,-0.0064644386,-0.49630704,-0.14699236,-0.47062503
0.012762901,0.010075517,-0.0063062892,-0.50388023,-0.078648816,-0.45807901
0.012836102,0.010171975,-0.0062911864,-0.49562838,-0.1477389,-0.45778976
0.012340929,0.0099374908,-0.0063535493,-0.51232817,-0.11621395,-0.45973206
0.012212523,0.010137834,-0.006341844,-0.50811362,-0.14731015,-0.41433239
0.012234285,0.010026627,-0.0063111449,-0.4981595,-0.10511795,-0.44229828
0.012819453,0.0099864491,-0.0070782712,-0.5170122,-0.21037242,-0.37351133
0.012879526,0.010082326,-0.006912086,-0.53253878,-0.16309396,-0.48308047
0.012908986,0.010298064,-0.0067719193,-0.52576638,-0.11781939,-0.44427574
0.013060059,0.010635926,-0.0067095073,-0.51724248,-0.19501244,-0.43412858
0.013183884,0.010149698,-0.0067808273,-0.50720156,-0.081425979,-0.41987747
0.012882318,0.010171824,-0.0069313888,-0.5173129,-0.16453998,-0.39258844
0.013112759,0.010086832,-0.0065579528,-0.49330546,-0.13019141,-0.38089434
0.013141576,0.010240127,-0.0067993927,-0.4880483,-0.14807996,-0.34704434
0.013315245,0.010023164,-0.0070674935,-0.49083251,-0.15460064,-0.37620428
0.013450248,0.0098890868,-0.007367248,-0.4883026,-0.178942,-0.39963634
0.01365523,0.010562279,-0.0074502149,-0.48599043,-0.22659309,-0.38660559
0.013626455,0.01067202,-0.0074500121,-0.47866105,-0.14636363,-0.42798342
0.013249712,0.010531162,-0.0071247154,-0.4769393,-0.079457326,-0.39456571
0.013587823,0.010881247,-0.0072067108,-0.45982541,-0.14256986,-0.41774543
0.013597876,0.010658055,-0.0072171601,-0.45602482,-0.079111489,-0.39268101
0.013784754,0.011250821,-0.0072816408,-0.45363469,-0.17575569,-0.39011067
0.013593341,0.011041846,-0.0072857763,-0.4485799,-0.080126528,-0.3932655
0.013995106,0.011058893,-0.0074179835,-0.45785115,-0.14965203,-0.37535519
0.014216762,0.010828354,-0.0077078902,-0.44909453,-0.12670339,-0.37770795
0.014530077,0.011116443,-0.0079376566,-0.46308262,-0.17520551,-0.35801548
0.014512871,0.01113135,-0.0079580346,-0.45310021,-0.16164739,-0.38739446
0.014400344,0.011062284,-0.0075815686,-0.45600609,-0.15858231,-0.37643061
0.014327898,0.010669999,-0.0079132071,-0.46165421,-0.11208731,-0.40403174
0.014975421,0.011865045,-0.0065661397,-0.41720743,-0.135952,-0.5184121
0.015802631,0.01119471,-0.0053174209,-0.35765639,-0.021217283,-0.68971764
0.016833766,0.010912477,-0.0066063079,-0.34939495,-0.094396916,-0.62455384
0.01672378,0.010646896,-0.0066198601,-0.34855214,-0.11155067,-0.65612384
0.01667597,0.010849352,-0.0074858767,-0.35074478,-0.078934541,-0.6260872
0.017036875,0.011171712,-0.0078946834,-0.3619707,-0.07116574,-0.57781359
0,0,0,0,0,0
3.5614457e-05,0.00021977082,0.00041891833,0.021813404,-0.010892637,-0.024572658
0.00023099098,-0.00012091796,-0.00019241413,0.021184627,-0.0249701,-0.039367359
0.00026182709,-5.521026e-05,-9.4079191e-05,0.018881042,-0.032552891,-0.077630344
0.00015611695,-0.000258238,-0.00034888725,0.014319111,-0.02903535,-0.12703104
5.7153961e-05,-0.0002934235,-8.0409359e-05,0.03278044,-0.02180079,-0.14859223
0.00047579756,-0.00056494901,-0.00031214163,0.024872705,-0.046699305,-0.14966143
0.00060845029,-0.00031401621,-0.0003842858,0.022148321,-0.041724801,-0.15585876
0.00061672459,-0.0003255313,-0.0002448597,0.023861442,-0.038550122,-0.11396832
0.00081780018,-0.00041117679,-0.00036855108,0.0052677743,-0.086332388,-0.098227897
0.00078559848,-0.00056438531,-0.00033271657,-0.00060323564,-0.035737217,-0.08834853
0.0013714861,-0.00061183047,-0.00055834392,-0.015468758,-0.12268892,-0.11431462
0.0014962391,-0.00056097448,-0.00079357103,-0.00031763245,-0.020090969,-0.1607916
0.0015048451,-0.00044878492,-0.00072452087,-0.0068863884,-0.053299717,-0.15012886
0.001664809,-0.00039454766,-0.001024348,-0.021869472,-0.056094779,-0.17194799
0.0017012297,-0.00028760979,-0.0010835211,-0.025828044,-0.080051004,-0.16178419
0.0014829118,-0.00023566836,-0.0012351269,-0.034379344,-0.065951787,-0.16873566
0.0012309633,-0.00029563493,-0.00097049564,-0.023333544,-0.054354077,-0.16113249
0.0010375744,-0.0011316674,-0.00060604771,-0.012822829,-0.02370976,-0.1904072
0.0015231911,-0.00096550341,-0.0013901851,-0.044947691,-0.042237565,-0.24140625
0.0017322089,-0.00091428787,-0.0016260512,-0.044750934,-0.063487707,-0.24245766
0.002108401,-0.00070512411,-0.0018243174,-0.048046278,-0.088174626,-0.27697965
0.002921862,-0.00046555084,-0.0021687714,-0.050137751,-0.12019156,-0.2901007
0.0030199937,-0.00023065866,-0.0020295344,-0.029614441,-0.061551473,-0.33298148
0.0032207715,7.9275495e-05,-0.0019683375,-0.024623975,-0.073438793,-0.33020057
0.0035891808,-0.00011188368,-0.0019329608,-0.030746111,-0.060583215,-0.3478903
0.0037835466,-0.00013626777,-0.002016287,-0.037037973,-0.11186219,-0.33985421
0.0038810588,-0.00017254467,-0.0022692781,-0.047265869,-0.078265158,-0.36657581
0.0041221862,-0.00028233036,-0.0026306253,-0.060774817,-0.090150366,-0.32867856
0.0045527901,-0.00013679399,-0.0025426555,-0.078603328,-0.13253925,-0.32422416
0.004560492,-9.2192965e-05,-0.0026666827,-0.077171143,-0.10314057,-0.32044517
0.0047141307,-0.00011080028,-0.0025761989,-0.078476518,-0.1644147,-0.3295004
0.004616831,-0.0003614508,-0.0027795171,-0.081905444,-0.090497172,-0.36158799
0.0047066009,-0.0002227446,-0.0027023834,-0.08405214,-0.13706117,-0.36009921
0.0046273054,-0.00017835971,-0.0027025715,-0.073969974,-0.065612307,-0.40486348
0.0045420111,-0.00037885566,-0.0028275097,-0.089106426,-0.10568052,-0.38202941
0.0045426311,-8.5537319e-05,-0.0026677745,-0.088091004,-0.11686449,-0.37843266
0.0048318717,-0.00025036563,-0.0028426667,-0.093873701,-0.12572771,-0.33550681
0.0047120269,-0.00010220687,-0.0028446776,-0.095918004,-0.10312931,-0.34170242
0.0049043725,-8.3377955e-05,-0.0028595045,-0.094812415,-0.15434853,-0.32680265
0.0050678998,-9.452664e-05,-0.0029157417,-0.092488268,-0.13744213,-0.36238378
0.0053364526,-0.00016068691,-0.0028393039,-0.098196862,-0.15026922,-0.37890837
0.0052228589,-0.00035413574,-0.0029661991,-0.090087376,-0.14131285,-0.38802455
0.0052401874,-8.2549201e-05,-0.0029542047,-0.099285923,-0.12949392,-0.38398656
0.0053133834,-0.00019229703,-0.0028514873,-0.093196096,-0.10684946,-0.37415699
0.0053761624,-5.2092656e-05,-0.0028032369,-0.090351332,-0.12005392,-0.38451375
0.005429454,4.8800844e-05,-0.002679184,-0.085000705,-0.070177638,-0.39196943
0.005312528,0.00013847939,-0.002733607,-0.084674025,-0.10406732,-0.37349444
0.0052563384,-6.1674847e-05,-0.0031148462,-0.097415806,-0.096531494,-0.36169835
0.0052039658,-0.00024663231,-0.0030595037,-0.099988988,-0.11792359,-0.36685047
0.0052609897,-0.00040702449,-0.0031901024,-0.085657978,-0.10375409,-0.39811855
0.0056192913,-0.00011628992,-0.0030882737,-0.075804276,-0.15884397,-0.3757513
0.0055374585,-0.000154971,-0.0030011015,-0.068137307,-0.10468187,-0.37941898
0.0056906836,0.00037201181,-0.0029158811,-0.067725534,-0.16935912,-0.33563618
0.0058028697,0.00031639885,-0.0030207288,-0.065469872,-0.10253548,-0.3694045
0.0056755284,0.00018982901,-0.0029718998,-0.067659155,-0.1120095,-0.34121763
0.0058901849,5.6344291e-05,-0.0030335494,-0.072003356,-0.10621473,-0.36474208
0.0058079529,0.00053612186,-0.0029122815,-0.072282025,-0.095185842,-0.34093814
0.0056096993,0.00066955919,-0.0030138185,-0.071092768,-0.11026029,-0.32608661
0.0062461043,0.00063057235,-0.0032696183,-0.077076852,-0.16947843,-0.32015119
0.0063572798,0.00078132057,-0.0035432268,-0.073001288,-0.15509244,-0.36042579
0.0062872368,0.00090312769,-0.0033343417,-0.047876118,-0.12563616,-0.3645483
0.0061917961,0.00074902097,-0.0032338701,-0.041081716,-0.092954211,-0.36750113
0.0065187509,0.00083171032,-0.0033612163,-0.05401941,-0.12585884,-0.34933714
0.0065419544,0.00085246832,-0.0034404356,-0.042577506,-0.10892077,-0.36121404
0.0065716606,0.00078846118,-0.003358342,-0.035734685,-0.10424488,-0.33374264
0.0068524118,0.0010438835,-0.0031879224,-0.033344325,-0.11560943,-0.31719319
0.0069501426,0.0010773784,-0.0030254688,-0.021824832,-0.068567404,-0.27818978
0.0071455545,0.00099464829,-0.0031303427,-0.022050644,-0.1528696,-0.27150299
0.0069214101,0.0011557055,-0.0031053987,-0.013677978,-0.067547608,-0.32474493
0.0069443752,0.0012181152,-0.0030607295,-0.0059978465,-0.11133923,-0.28824815
0.0072574015,0.0013656736,-0.0027521448,0.0036623313,-0.10374693,-0.30376831
0.0074387462,0.0016187987,-0.0025337443,0.023458353,-0.11585365,-0.28771158
0.0075191311,0.0016841734,-0.0020339643,0.047008722,-0.084006751,-0.3004417
0.0077413647,0.0024093736,-0.0013174436,0.089399527,-0.11679448,-0.2808526
0.0077350494,0.0022878774,-0.0012065498,0.082218188,-0.057047161,-0.28365235
0.0076751812,0.0022310902,-0.00087300897,0.093251672,-0.065187801,-0.28491325
0.0077481474,0.0020381997,-0.0010974466,0.074383689,-0.063707918,-0.26153169
0.0077336931,0.0019556273,-0.00093111415,0.088722744,-0.069493815,-0.20118983
0.0080063557,0.0020083614,-0.000894085,0.085900308,-0.092552456,-0.24253309
0.008223089,0.0022073836,-0.0010679333,0.10282198,-0.12794159,-0.22942285
0.0080157894,0.0020879057,-0.00097578742,0.086956866,-0.043350076,-0.28105256
0.0081382266,0.002049449,-0.0011749661,0.081542368,-0.059215892,-0.27829041
0.0085251937,0.0022887637,-0.0010325627,0.077157948,-0.075096982,-0.27970961
0.0085443681,0.0023917608,-0.001075535,0.080058088,-0.050351276,-0.28773481
0.008734547,0.002605647,-0.00094270774,0.082815753,-0.060261249,-0.28663614
0.0085654487,0.0026393739,-0.00075048015,0.085606388,-0.055475596,-0.27485319
0.0085126169,0.0024690853,-0.0010460661,0.06991402,-0.045755626,-0.256521
0.0087878526,0.0024844073,-0.0010849447,0.063538523,-0.083951808,-0.25185891
0.0090501185,0.0024023874,-0.0012315839,0.059416535,-0.068046103,-0.24464965
0.0089348066,0.0024502272,-0.0011506818,0.065879381,-0.085014475,-0.23908259
0.0090121006,0.0024326985,-0.0011642415,0.069096786,-0.048368742,-0.25921856
0.0090141373,0.0024351945,-0.0011280691,0.063578289,-0.094397835,-0.24856231
0.0085658802,0.0027042554,-0.0010159747,0.063189741,-0.063359422,-0.25960326
0.0083106899,0.0029293177,-0.00098099286,0.055917415,-0.064374076,-0.21385368
0.0087979929,0.0028594606,-0.00091505103,0.049426018,-0.069809161,-0.23225837
0.0086886203,0.0027435949,-0.00081296405,0.052181828,-0.040896375,-0.24000063
0.0090943932,0.0028202163,-0.00078659277,0.046377455,-0.083692933,-0.27090672
0.0089713253,0.0030745481,-0.00085664383,0.038411089,-0.055349123,-0.27203082
0.0094050748,0.0032269919,-0.00072849228,0.035877876,-0.066758446,-0.29551654
0.0092872696,0.0030969612,-0.00061983915,0.047932487,-0.032082053,-0.27811139
0.0095114934,0.0030671458,-0.00052691406,0.034344366,-0.086245745,-0.27461946
0.0089662462,0.0033356125,-0.00033418312,0.056122201,-0.047507285,-0.2887428
0.0089625465,0.0032471263,-0.000284284,0.034168091,-0.066582724,-0.30145685
0.0090126675,0.0030959546,-0.00049714859,0.05686256,-0.047404514,-0.27580317
0.0092326001,0.003155732,-0.0004664992,0.042509486,-0.066364999,-0.26234574
0.0086093596,0.0030612219,-0.00073469862,0.022480944,-0.048636637,-0.23504284
0.0088772935,0.0033394699,-0.0010796413,0.0050332121,-0.061771876,-0.23367426
0.0092151839,0.0033495085,-0.00074856545,0.0017224238,-0.04662928,-0.27345622
0.0097078301,0.003408998,-0.00068913227,0.011021733,-0.087800078,-0.2796708
0.0097755471,0.0034206328,-0.00052721902,0.017151899,-0.057699347,-0.33875809
0.009669661,0.0033119968,-0.00022458458,0.031208257,-0.078496643,-0.36561017
0.009661457,0.0030735657,-0.00024127013,0.027501226,-0.048810213,-0.37856407
0.009854397,0.0032771082,-0.00035738486,0.014773571,-0.088652446,-0.36333025
0.0096110867,0.0032503567,-0.00032177296,0.022122649,-0.056967092,-0.35655254
0.0096672697,0.003585839,-9.3859591e-05,0.0093939827,-0.098614461,-0.32286078
0.0091957474,0.0033882469,-9.2372826e-05,0.021273934,-0.0080780216,-0.36993431
0.008789875,0.0034713289,-0.00012418279,0.027526623,-0.077864689,-0.28392018
0.0091642486,0.0036501525,-0.00036197331,0.017039033,-0.081037248,-0.2582246
0.0093131359,0.0031879788,-0.00034446673,0.01737332,-0.06996706,-0.32301107
0.0096049581,0.0035420636,-0.00028011437,0.029311643,-0.089793435,-0.31333852
0.0098133126,0.0035427119,-3.7275014e-05,0.042464997,-0.11505936,-0.30030772
0.010000566,0.0035061903,0.00016439178,0.048099073,-0.097517363,-0.31189624
0.010766728,0.0037425511,-0.00015910166,0.038170128,-0.11842715,-0.31997864
0.0107252,0.0038427867,-0.0003542129,0.042917515,-0.08350375,-0.34321288
0.010979404,0.0037562257,-0.00043314157,0.049894456,-0.10100866,-0.35165504
0.011174232,0.0039013546,-0.00036843305,0.055924651,-0.078887611,-0.37110804
0.011329088,0.0036692915,-0.0004957884,0.053221447,-0.13217673,-0.34784472
0.010861271,0.0035680214,-0.00026492769,0.065221469,-0.021572023,-0.37294019
0.01084785,0.0034756455,-1.5134586e-05,0.052740816,-0.10322788,-0.32562934
0.010903789,0.0034369107,-0.00011139609,0.056135232,-0.13564136,-0.37224346
0.010504997,0.0032622241,-0.0002257853,0.043519613,-0.056844641,-0.37342549
0.010847088,0.0032982364,-0.00017063752,0.053206849,-0.15538431,-0.34528464
0.010590289,0.0034312126,0.00019772194,0.063002885,-0.037372049,-0.36416161
0.010180538,0.0036737659,0.00019203674,0.065918091,-0.15083048,-0.2683628
0.009463475,0.0034222527,0.00032329822,0.0673459,-0.055639081,-0.3139006
0.010762541,0.0036554496,8.3911438e-05,0.055449791,-0.13866492,-0.30178645
0.010494156,0.0036829763,0.00051766351,0.072122287,-0.071607354,-0.3794324
0.010789534,0.0038615816,0.00047840317,0.074867791,-0.14758932,-0.34307528
0.010418404,0.0037972133,0.00056768166,0.079050111,-0.045580003,-0.38573048
0.010401993,0.0038482453,0.00049649791,0.10469949,-0.11510247,-0.33813478
0.011222912,0.0039730682,0.00043160558,0.11614419,-0.19211539,-0.37253553
0.010639811,0.0035688551,0.00050924848,0.12840905,-0.033058809,-0.42601102
0.010559893,0.0037383806,0.00039859308,0.11451023,-0.1056937,-0.37597026
0.010529636,0.0037250278,0.00045937357,0.1147579,-0.060375984,-0.35143669
0.011022407,0.0035458908,0.00026297179,0.13193404,-0.089221146,-0.34196468
0.010738995,0.0036023261,0.00028443681,0.12462675,-0.084253834,-0.32200231
0.011123532,0.0040238331,0.00086448725,0.1456664,-0.15548505,-0.28542517
0.010690162,0.004217382,0.0010451872,0.1564416,-0.052765757,-0.35749866
0.010359557,0.004035494,0.00087737241,0.14150612,-0.081295342,-0.38731969
0.010446621,0.0038293287,0.00065030299,0.13772591,-0.049714628,-0.4186245
0.010392216,0.0038304622,0.00047208963,0.13560835,-0.056739372,-0.43753606
0.010154505,0.0040435109,0.00040990859,0.14827006,-0.048373442,-0.41971869
0.01029878,0.0037980369,0.00047865628,0.14903535,-0.070753035,-0.32422075
0.010281032,0.0039179898,0.00075121914,0.15993653,-0.081329977,-0.30493504
0.010096122,0.0035635365,0.00048790899,0.15775364,-0.089273658,-0.30009021
0.010246992,0.0035901942,0.00055233613,0.14978608,-0.099367311,-0.32491143
0.010428458,0.0037410177,0.00057866296,0.15330319,-0.13544168,-0.31934646
0.010025276,0.0038465821,0.00072508349,0.15697725,-0.073108695,-0.34039461
0.010016707,0.0041226425,0.00082703129,0.16844902,-0.072620154,-0.31263348
0.010103288,0.0043657692,0.0010831151,0.1771123,-0.098963722,-0.29775748
0.010059496,0.0043665439,0.0012858528,0.18384021,-0.053923829,-0.31727876
0.010285099,0.0046112852,0.0015614207,0.19177045,-0.075761522,-0.29002583
0.010220596,0.0046247285,0.0018520645,0.20805071,-0.039398674,-0.30234121
0.010253152,0.0051249009,0.0021603497,0.19496228,-0.083561781,-0.30436808
0.010023669,0.0053533083,0.002356473,0.19287225,-0.037089055,-0.29426116
0.01007689,0.0052895581,0.0024033313,0.2100691,-0.081775877,-0.2715451
0.010081841,0.0051549954,0.0025829687,0.22644601,-0.046011941,-0.28927948
0.010181261,0.0051906268,0.0026097267,0.23075884,-0.1023667,-0.23828663
0.0097690807,0.0051730645,0.0028213645,0.2308629,-0.026139906,-0.24327391
0.0097461649,0.0050886506,0.0028974556,0.235669,-0.10834503,-0.18644282
0.0099343524,0.0052000275,0.0030558451,0.24122716,-0.048599952,-0.22772709
0.0097944369,0.0050507404,0.0030098287,0.2388057,-0.089320366,-0.17694704
0.01016915,0.0051293715,0.0028994813,0.23444319,-0.085604342,-0.22883237
0.0097921756,0.0052068337,0.0024665322,0.22996351,-0.075660139,-0.19105684
0.010220876,0.005228078,0.0023302752,0.22563732,-0.096015576,-0.26614687
0.010195713,0.0051076496,0.002107229,0.23100774,-0.074148194,-0.25069066
0.01027811,0.0052689136,0.0023515081,0.23339553,-0.072901745,-0.2431616
0.010234732,0.005308908,0.0024452765,0.23812968,-0.086605896,-0.20903344
0.010316556,0.0051700411,0.002578295,0.24362776,-0.096909009,-0.22150951
0.0098670351,0.0051551943,0.0025883865,0.2519717,-0.045210513,-0.18513366
0.0097863739,0.0054497212,0.0032057776,0.25347697,-0.094353345,-0.15482941
0.0092886471,0.0055497139,0.0032042206,0.26354175,-0.018678625,-0.11818759
0.0095817405,0.0056611754,0.00326003,0.25308289,-0.093928505,-0.12836024
0.0094502118,0.0051310957,0.0032157064,0.27930291,-0.021743189,-0.1461551
0.0097741224,0.0055253465,0.0034036909,0.27592961,-0.098097151,-0.10636361
0.0094190009,0.0052107017,0.0033864703,0.28254221,0.0097059376,-0.11257997
0.0095561392,0.0054194492,0.003529569,0.28437194,-0.084100013,-0.061442685
0.0094111168,0.0050973568,0.0033858626,0.29533448,-0.00099776088,-0.082570751
0.0099373966,0.0057160319,0.003608996,0.29743517,-0.12341182,-0.051390103
0.0093697716,0.0053999977,0.0035169138,0.30014565,0.04166039,-0.13256927
0.0096491787,0.0052711273,0.0033472115,0.32460003,-0.077710183,-0.081154903
0.0097759786,0.0051757043,0.0031553454,0.32392123,-0.0047341266,-0.12303413
0.0097053322,0.0054042218,0.0034407666,0.3360452,-0.042323552,-0.082746382
0.010061581,0.0051725344,0.0034223755,0.36281472,-0.0084249507,-0.11638125
0.010393253,0.0050053397,0.0031839803,0.34904807,-0.04492772,-0.07642562
0.010476584,0.0052634566,0.0032461517,0.33620128,-0.027654212,-0.094007146
0.011218163,0.0052658676,0.0029983508,0.33076547,-0.054796856,-0.061595915
0.010963717,0.0051791161,0.0033067469,0.3427349,-0.01604671,-0.13428076
0.011045398,0.005313819,0.0030163458,0.35556291,-0.048128758,-0.081170669
0.010942898,0.005316601,0.0029980929,0.35582522,-0.028688746,-0.076960542
0.010800264,0.0051430983,0.003149223,0.3537799,-0.06654197,-0.03508572
0.010813562,0.005038879,0.0031849554,0.36982061,-0.060368711,-0.031437019
0.011150774,0.0054720418,0.0034439626,0.38107382,-0.10989202,-0.018892394
0.010312519,0.0051433502,0.0039120969,0.40568978,-0.0031701037,-0.089828755
0.010486096,0.0051251996,0.0038465093,0.40236364,-0.08806682,-0.044153544
0.010557285,0.0052989364,0.0042728046,0.42667527,-0.008504734,-0.096015423
0.010607044,0.0056087831,0.0041584085,0.41787942,-0.041765382,-0.036527933
0.01067641,0.0055993762,0.0044510304,0.43458197,-0.023668837,-0.054929782
0.01072331,0.0057296233,0.0046142249,0.43448286,-0.030317258,-0.017799777
0.010731758,0.0059119775,0.0046273784,0.43079995,-0.016747418,-0.03058872
0.010450779,0.0061757408,0.0047634704,0.44169936,-0.041834049,0.079655555
0.010834702,0.0060125097,0.0048694547,0.42672463,-0.038391042,0.027134151
0.010907312,0.0058619749,0.0046586946,0.44183061,-0.036113136,0.0192043
0.011029113,0.0056047824,0.00459606,0.43430476,-0.069423851,0.029406484
0.011074272,0.0053394193,0.004745241,0.42943244,-0.062915585,0.014117359
0.011233487,0.0055564406,0.0048073412,0.43595677,-0.054459718,-0.0048225156
0.011245922,0.0057857414,0.0049844885,0.43247944,-0.075226868,-0.027430547
0.010831711,0.0058242773,0.005209243,0.4423575,-0.0095507473,-0.044359319
0.01099453,0.0056547803,0.0054394349,0.4411197,-0.049056724,-0.038358563
0.010629373,0.0058687859,0.0054074683,0.4256754,0.016017519,-0.041356678
0.011163151,0.0055710325,0.0056412589,0.43756638,-0.053001135,-0.043166842
0.011018393,0.0053422169,0.0054109007,0.41720336,0.01075539,-0.11791382
0.010744305,0.0052457909,0.0052186587,0.42983856,-0.019592394,-0.095043069
0.010614675,0.0056071533,0.0050849378,0.43016608,-0.015155417,-0.061592086
0.010543591,0.0051166498,0.0052404436,0.41999176,0.012813093,-0.0069122909
0.01051357,0.0049812223,0.0051365023,0.40826563,-0.034915502,-0.077934622
0.0099065406,0.0055036101,0.0048934301,0.42327215,-0.01247873,-0.077804341
0.010439002,0.005552114,0.0045983065,0.42537469,-0.026232745,-0.046254059
0.010419997,0.0056820792,0.0050755492,0.41364577,-0.003222254,-0.056658004
0.009484846,0.0051355125,0.0055310349,0.42815134,0.0043085066,-0.070253666
0.0098130119,0.0048590018,0.0046595505,0.4254787,-0.078500133,-0.050541011
0.0105268,0.0055000359,0.0052811193,0.4382802,-0.040828648,-0.13593372
0.010797014,0.0057676295,0.0054788176,0.44875126,-0.045457836,-0.13220394
0.010391439,0.0053533268,0.0054969205,0.45175998,0.03282131,-0.16796075
0.010589842,0.0053583622,0.0054823947,0.46977516,-0.06463769,-0.10115128
0.0098362906,0.0054381239,0.0057985087,0.47814999,0.0012716115,-0.12225379
0.009995077,0.0057107673,0.0056587018,0.46645767,-0.05272563,-0.070993064
0.010191966,0.0055720511,0.0056160752,0.45609246,-0.033310524,-0.10625958
0.010598028,0.0051097426,0.0055744259,0.46241819,-0.098737163,-0.058191051
0.010468934,0.0049011769,0.0055773928,0.45524182,-0.010185789,-0.1394781
0.010029439,0.005193763,0.0056035066,0.44459933,-0.092981602,-0.083413059
0.010224795,0.0053038517,0.0060512049,0.44750841,-0.064155133,-0.12935212
0.0099550414,0.0054335136,0.0062063447,0.44803769,-0.047917271,-0.088312988
0.0099475305,0.0054230602,0.0061851813,0.44376451,0.0089883276,-0.13796269
0.009850846,0.0056580636,0.0061288807,0.44894252,-0.065944814,-0.095944481
0.0097071996,0.0055616323,0.006132522,0.4612094,-0.080147803,-0.11387932
0.0093984543,0.0061543615,0.0061370653,0.44986256,-0.024638224,-0.092569339
0.0099481352,0.0059651542,0.0066453378,0.5059574,-0.18038318,-0.073576674
0.010409755,0.0044766978,0.0067604318,0.51952305,-0.17638704,-0.11517569
0.009601121,0.004120018,0.0065823592,0.49627979,0.017731236,-0.14636462
0.0097315255,0.0045917229,0.0060733523,0.47058855,-0.012101735,-0.17863003
0.0093434831,0.004858063,0.0060956096,0.43682386,0.055537515,-0.20466624
0.0097562575,0.0050572289,0.0061379604,0.4489452,-0.042345479,-0.13271061
0.010197517,0.0050286156,0.0059100215,0.41804984,-0.06332478,-0.16196615
0.0097662004,0.004696279,0.0055813918,0.42432425,-0.026519323,-0.16047902
0.0099796972,0.0048542367,0.0054748914,0.41189327,-0.12700992,-0.12856936
0.010043018,0.0048092985,0.0056292627,0.41291505,-0.041470127,-0.18956886
0.010108328,0.0049175351,0.0054535323,0.41020467,-0.06021997,-0.15082591
0.010803631,0.0052275531,0.0056686283,0.40175834,-0.1237324,-0.18269942
0.010199046,0.0053796754,0.0061572232,0.43044161,0.042217961,-0.237717
0.0098818939,0.0054142612,0.0061515966,0.4288182,-0.11511749,-0.10123621
0.0090162741,0.0056162242,0.0063964543,0.44963876,0.06641017,-0.099687119
0.0098948565,0.0052849059,0.0062201386,0.44664519,-0.088829696,-0.072152399
0.010078071,0.0052454865,0.0060786995,0.44715769,-0.0046896546,-0.13030982
0.0099987304,0.0052473562,0.0059794249,0.45076399,-0.074751693,-0.090735424
0.0098115377,0.0055690854,0.0060546573,0.42430276,-0.0043568338,-0.16162965
0.010202555,0.0057004105,0.0058123612,0.41507361,-0.11054459,-0.11805946
0.010572268,0.005860402,0.0063606991,0.43643355,-0.020465447,-0.17631002
0.010600279,0.0055884501,0.0061888725,0.40351539,-0.034460728,-0.210186
0.010669864,0.005588303,0.0060275384,0.39771065,-0.0062936742,-0.35107643
0.010644091,0.0062203254,0.0058114141,0.39997724,-0.011661989,-0.26770015
0.011726525,0.0062151296,0.0057674656,0.38206192,-0.032466419,-0.37360119
0.01139944,0.0061188306,0.0059782851,0.40627583,0.0045150427,-0.38543943
0.012061896,0.0061549077,0.0058567893,0.38829888,-0.01332638,-0.43500434
0.011950973,0.0064178212,0.0062029064,0.4052255,0.0059614309,-0.39676783
0.0115801,0.0064038689,0.006625621,0.40003364,-0.0025962749,-0.36306722
0.011400835,0.0061157603,0.0067542832,0.40178756,-0.045448795,-0.31986752
0.011842036,0.0061012062,0.0066832678,0.39105814,-0.026183541,-0.37312256
0.012037121,0.0062933659,0.006897359,0.4170087,-0.078238325,-0.37923155
0.012381162,0.0066729613,0.0074079271,0.41414888,-0.077855375,-0.40152577
0.012191314,0.0068071487,0.0075750857,0.41680471,-0.052084659,-0.40814447
0.012745599,0.0072715068,0.0081430069,0.44175932,-0.12306237,-0.40209444
0.012325021,0.0070208192,0.0083660107,0.43778429,0.0070057817,-0.45840433
0.012140993,0.0077468518,0.0085798574,0.46171214,-0.073992909,-0.35290485
0.0116668,0.0079740702,0.0086344121,0.45501402,0.016165064,-0.30933846
0.012190271,0.0079878088,0.0085466854,0.42994739,-0.088905151,-0.20033046
0.012854585,0.0079303314,0.0088636429,0.42993054,0.016033502,-0.33285921
0.01324199,0.0083033638,0.0085730801,0.42300905,-0.11866934,-0.28888852
0.012858848,0.007486304,0.0089443143,0.40516547,-0.022527924,-0.360956
0.012426864,0.0068101872,0.0093068577,0.42410193,0.03122051,-0.3808419
0.012761469,0.0073637005,0.009228455,0.41895533,-0.022857714,-0.36962614
0.01264145,0.0074640195,0.0092296834,0.41085417,-0.021389559,-0.36804169
0.013106649,0.0075478451,0.0088653006,0.41679502,-0.012475817,-0.36661935
0.013487539,0.0074851073,0.0088253333,0.43288344,-0.13468706,-0.29532222
0.012879426,0.0076325482,0.008966611,0.42677427,0.012771334,-0.31710087
0.012807433,0.0081119235,0.0091556484,0.413347,-0.090070695,-0.26802402
0.012741551,0.0082003624,0.0091388783,0.41280286,-0.020897125,-0.32180555
0.012947136,0.0083540534,0.0091213475,0.41964129,-0.17784038,-0.26740084
0.014077003,0.0080601256,0.009116368,0.45356156,-0.17494664,-0.3367693
0.012784332,0.0076359669,0.0088260597,0.42838397,0.034509775,-0.43913706
0.012191533,0.0066371112,0.0090076072,0.41269018,0.027878155,-0.44056597
0.011976113,0.0072166788,0.0092060495,0.42396017,0.057141721,-0.42121852
0.012471572,0.0079895748,0.0089518899,0.42652005,0.017108445,-0.34347761
0.013812741,0.008549179,0.0087564658,0.41152171,-0.046040599,-0.32177872
0.013662706,0.0084538005,0.0091517543,0.42522717,0.04466076,-0.34675889
0.014126405,0.0078058964,0.0087455157,0.39382796,-0.031840562,-0.35310726
0.014335321,0.0079680312,0.0092006863,0.40875229,0.0014289898,-0.41188725
0.01444315,0.0079068414,0.0091257649,0.40900159,-0.053871962,-0.3778351
0.014750469,0.00789222,0.0089765801,0.40245063,0.014301807,-0.46769984
0.015361689,0.0077568605,0.0088762604,0.3961859,-0.042661854,-0.47390946
0.015771085,0.0078028612,0.0090651621,0.40810874,0.013442153,-0.5364265
0.015876675,0.007696034,0.0089460725,0.41260268,-0.031813905,-0.48843511
0.015732214,0.0076105688,0.0091087598,0.41925081,-0.014547057,-0.48865387
0.01591621,0.0079478037,0.0088930027,0.40535208,-0.040855804,-0.45700801
0.016307946,0.0078755431,0.0088235498,0.40065773,-0.022251809,-0.53716997
0.016363273,0.008345895,0.0088656068,0.4006304,-0.039426354,-0.56890407
0.016241091,0.0086566077,0.009221079,0.41591026,4.7033581e-05,-0.59708496
0.01637859,0.0083531182,0.0092487919,0.43623768,-0.03876485,-0.55786687
0.016096569,0.0082693207,0.0091844776,0.44167532,-0.033299259,-0.52240566
0.016242734,0.0083572564,0.0092618564,0.42288663,-0.030561518,-0.54134239
0.016578554,0.0088515941,0.0092211158,0.41538099,-0.023726089,-0.57914166
0.016593176,0.0089141475,0.0093367536,0.42122257,-0.033837591,-0.55428701
0.01706067,0.0092009794,0.0095064395,0.41577549,-0.045751143,-0.58041465
0.016839501,0.0087930842,0.0096804559,0.40843133,0.014829096,-0.58998579
0.017386755,0.008832753,0.0094461092,0.38892734,-0.082627457,-0.61223504
0.01723272,0.0087547354,0.0095929472,0.38264887,-0.05352976,-0.64898668
0.017451321,0.008969792,0.0097212914,0.37902436,-0.045674392,-0.65384455
0.016792,0.0087466273,0.0099351418,0.39258589,0.00026649385,-0.66859446
0.016632112,0.0083686723,0.0098057052,0.41762662,-0.065730834,-0.57381711
0.016714176,0.0083974026,0.0098743731,0.41312738,0.012942875,-0.58476142
0.016969605,0.0087332575,0.0098340956,0.41254271,-0.047327962,-0.56254128
0.017241794,0.0087437601,0.010140772,0.41677517,0.015566253,-0.5947894
0.017648329,0.0089830778,0.0099964387,0.42511949,-0.092378294,-0.58645548
0.017337023,0.0088521045,0.010521084,0.44802073,0.036163914,-0.62500434
0.017491997,0.0087054743,0.0099739307,0.41157852,-0.043411777,-0.58122218
0.01777006,0.0087054283,0.0095922439,0.38636419,-0.047643528,-0.63696029
0.017849019,0.0082177191,0.0092555699,0.37396953,-0.046461427,-0.60971336
0.018395484,0.0079463168,0.0094460012,0.38136972,-0.048179302,-0.67900681
0.018005491,0.0081338998,0.0096968544,0.41237422,-0.022223338,-0.70895286
0.018187113,0.0083587969,0.010013575,0.42039094,-0.029041006,-0.72030227
0.018200761,0.0082909757,0.0099724897,0.42384655,-0.023921943,-0.7163354
0.018180135,0.0081363275,0.0095066272,0.4484753,-0.052545489,-0.59460158
0.01869974,0.0076448456,0.0095848368,0.43616605,-0.019555857,-0.62479479
0.018856742,0.0074329487,0.0093680578,0.4435036,-0.027543048,-0.65282632
0.0191532,0.0077120412,0.0098760392,0.45487409,-0.026702633,-0.67669031
0.019092025,0.0073102227,0.010385991,0.43789338,-0.0086227049,-0.74472513
0.01883769,0.0075712269,0.01000865,0.43735904,-0.021729197,-0.68054308
0.019002635,0.0075414949,0.0098879522,0.44108668,-0.043645472,-0.59108531
0.019088901,0.007923518,0.010047221,0.43205605,-0.01113556,-0.64697456
0.019476045,0.0072661258,0.011129607,0.48075294,-0.0041144246,-0.72349959
0.015789054,0.0075588889,0.012027257,0.50973744,0.060971449,-0.66661842
0.015852307,0.0072337105,0.01249015,0.52851074,0.053449232,-0.66052385
0.017325877,0.006843368,0.012435941,0.54184655,-0.080878615,-0.75939145
0.018098053,0.0069600125,0.011701201,0.51772906,0.0077696379,-0.80835449
0.018962457,0.0073264163,0.011648872,0.50581026,-0.035985004,-0.80105157
0.019103702,0.0076046513,0.012313983,0.52908555,0.019851184,-0.82531007
0.019483121,0.0073951701,0.012054133,0.53182741,0.058919351,-0.82772202
