0,0,0,0,0,0
0.00047310091,-6.8175558e-05,-0.00033412767,0.0028446137,-0.024875509,0.039921197
0.0033189393,0.00064777562,0.00021588637,-0.012679837,-0.018866439,0.0020546415
0.0035589592,0.000309906,0.00045342944,-0.0050357981,-0.047467938,0.067585926
0.0042644201,0.00034493394,0.0004348118,0.0026836499,-0.044320837,0.017777672
0.0035464791,-0.00010164782,0.00062784136,0.017216161,-0.050402817,0.013546115
0.0041044144,-0.00023670996,0.00071309333,0.035889277,-0.055212905,-0.022555929
0.0044095271,-0.00069561269,0.00082446222,0.047899413,-0.064179467,-0.00092797583
0.0046311908,2.1681506e-05,0.00084637612,0.060815834,-0.036560549,-0.12170814
0.0045161726,-0.00029630164,0.00098069131,0.072108739,-0.059692951,-0.08653691
0.0047085372,-0.0010492104,0.0011408141,0.091436889,-0.12455247,-0.057893404
0.0054297057,-0.00033487215,0.00085118852,0.048423932,-0.096635639,-0.066501092
0.0057237475,-0.00049566775,0.001002328,0.049510751,-0.14553254,-0.045889291
0.0058107271,-0.0011288734,0.00145412,0.079725247,-0.11098714,-0.095833419
0.0068020067,-0.00062308484,0.0011124262,0.052297707,-0.14978512,-0.043394754
0.007266284,-0.00048690654,0.0012024436,0.045610935,-0.1452234,-0.062287797
0.0068834607,-0.0010842596,0.001220992,0.068408416,-0.14793233,-0.033683284
0.0073704075,-2.8901389e-05,0.0010324327,0.053013985,-0.16996421,-0.058348278
0.0065308254,-0.0011481181,0.00081458039,0.087515906,-0.15772458,-0.037529239
0.0073153215,-0.00062417265,0.00095219342,0.066427393,-0.17974724,-0.030689436
0.0078736963,-0.00062663424,0.00097899391,0.071492698,-0.1675481,-0.032591037
0.0077541573,0.00011397839,0.00089726178,0.037997822,-0.20382438,0.02772506
0.0077430348,-0.00018446557,0.00085776342,0.058355211,-0.1554408,-0.044425955
0.008071621,-8.9014772e-05,0.00098221522,0.049443622,-0.15077337,-0.044527146
0.0081201203,-0.00054319614,0.00098438108,0.07477968,-0.17626275,-0.049288427
0.0088583678,8.6544604e-05,0.0010466754,0.051294392,-0.14085881,-0.056348059
0.0081769302,-4.0270269e-05,0.0011045814,0.064904501,-0.14632062,-0.059696432
0.0082404343,0.00021737997,0.0010973172,0.081808841,-0.11827426,-0.12663185
0.0088146451,0.00031605617,0.0008188533,0.068302404,-0.1686581,-0.091387953
0.008785448,0.00021502156,0.00079944638,0.073246154,-0.18180345,-0.10234872
0.0087895094,0.00036453404,0.00074606994,0.049168247,-0.17094845,-0.03654376
0.008963755,0.00022054926,0.00080126815,0.054480735,-0.21970152,-0.015154349
0.009025404,0.00047563016,0.00068192437,0.042990763,-0.15876476,-0.041595017
0.0092386344,0.00060714747,0.00075904091,0.030921409,-0.16868604,-0.047775485
0.0089226328,0.00037351207,0.00071472784,0.061727668,-0.16544881,-0.15069621
0.0093987711,0.00037006895,0.0011847165,0.074097664,-0.16184925,-0.14240597
0.0083484042,-0.00047340001,0.0011162132,0.093494577,-0.18886679,-0.10177448
0.0091419861,0.00021197735,0.00084429122,0.089384913,-0.13868521,-0.14538069
0.0091158893,0.00022136663,0.0010136528,0.084528268,-0.17659727,-0.10468247
0.0086797219,-1.4373471e-05,0.0011446723,0.094439727,-0.16245767,-0.13700628
0.0095134921,0.00024590128,0.00085209134,0.06153527,-0.19078509,-0.11467216
0.0088629808,-0.00017112108,0.0011928738,0.07441157,-0.16649581,-0.15094865
0.010607657,0.00030355754,0.0013736714,0.062789343,-0.19131257,-0.13389309
0.0099724264,-0.0005465246,0.0014608735,0.097620498,-0.20205302,-0.1420924
0.0098399828,-0.00053372131,0.0016068882,0.10279148,-0.17223602,-0.15061556
0.0093326206,-0.00035107127,0.0014256692,0.092108507,-0.17040912,-0.14625043
0.0088893074,-0.00064764434,0.0014223427,0.12138195,-0.12813318,-0.20576494
0.0099563601,-0.00025305861,0.0014799106,0.086711778,-0.15840793,-0.14584211
0.0095985594,-0.00030101758,0.0014161529,0.072666704,-0.17050424,-0.1555943
0.0094535043,0.00022403901,0.0012475245,0.043266261,-0.17434289,-0.11109672
0.0084392486,0.00020388991,0.00097297602,0.040657051,-0.18134835,-0.11449229
0.010023526,0.00031234478,0.00057013988,0.010097839,-0.19991777,-0.10732413
0.0091995311,-0.00050320856,0.00053057831,0.03195919,-0.22310183,-0.14729902
0.0097549544,-0.00060186653,0.00082141791,0.050269245,-0.19234457,-0.18663756
0.010121196,-0.00047864499,0.00044071875,0.042986027,-0.23150673,-0.16054995
0.010467878,-0.0001509037,0.00048786687,0.043754281,-0.19869605,-0.18352885
0.010633889,-0.00044709515,0.00051139499,0.057187545,-0.23531474,-0.16261564
0.010680073,-0.00068163693,0.00050575781,0.075009117,-0.24177876,-0.17073509
0.01114026,-0.00023888099,0.00092758196,0.059714829,-0.22521468,-0.13931024
0.011209081,-0.00045998877,0.00095007412,0.071266219,-0.25039835,-0.18788316
0.010679002,-0.00099123726,0.0010697954,0.078610838,-0.21334253,-0.19464138
0.01146793,-0.001153106,0.0010431653,0.077718211,-0.25597559,-0.20057621
0.012137527,-0.00073883077,0.00137588,0.083343144,-0.20992203,-0.25686792
0.01202004,-0.0011425769,0.0013945859,0.090335527,-0.24479041,-0.24418637
0.012290853,-0.0014229728,0.0014726339,0.11094753,-0.23112806,-0.29879461
0.013002356,-0.0012874918,0.0011369975,0.10431016,-0.23811681,-0.2637245
0.01217041,-0.0015739541,0.0010175523,0.10277075,-0.24087688,-0.29505129
0.012876953,-0.0012830905,0.0011472933,0.096939784,-0.25398426,-0.29096603
0.01256113,-0.0012792368,0.0010576751,0.084723945,-0.28209868,-0.2729206
0.013273666,-0.0010472506,0.0013990585,0.083646972,-0.26015313,-0.30053175
0.012928051,-0.0012460361,0.0013794839,0.063878682,-0.26564722,-0.25001503
0.01344937,-0.0011371606,0.0014365135,0.091384686,-0.25479583,-0.31057129
0.013391593,-0.00088805551,0.0013360431,0.089788176,-0.26745017,-0.30470117
0.012322349,-0.0012774471,0.0014541775,0.11730897,-0.23905866,-0.34068505
0.013254633,-0.0014099287,0.00169971,0.11430364,-0.25327334,-0.31826378
0.013138439,-0.0014816927,0.0016575356,0.11573837,-0.26021544,-0.3363621
0.013747686,-0.00083296176,0.0016584183,0.096808472,-0.27582103,-0.29316914
0.013019273,-0.00097378723,0.0015672696,0.093766465,-0.27608372,-0.29494812
0.012917961,-0.00055613534,0.0016140759,0.083106139,-0.25828883,-0.31209083
0.012775426,-0.00103458,0.001555558,0.084282706,-0.28387628,-0.3066398
0.013838338,-0.00053738806,0.0013728343,0.072790775,-0.28872282,-0.30651232
0.013219843,-0.00079075728,0.0015044343,0.069232937,-0.29034947,-0.29246235
0.013685168,-0.00093086776,0.0014994633,0.10372367,-0.2649295,-0.36216732
0.013591132,-0.0010757999,0.0013931224,0.08191811,-0.27721935,-0.31621787
0.013520209,-0.0013212163,0.0015178527,0.11633117,-0.24375686,-0.34768493
0.01351423,-0.0013716737,0.0016434016,0.10082896,-0.27307808,-0.28552804
0.01345808,-0.0008167524,0.0014665309,0.073707182,-0.27291489,-0.29983647
0.013578094,-0.00065733205,0.0014515986,0.066049987,-0.28230511,-0.27368636
0.012827395,-0.0010290085,0.0014697633,0.057631737,-0.27236057,-0.27757544
0.012869211,-0.00098458572,0.0016583994,0.061592601,-0.22994479,-0.31483041
0.013054955,-0.001317807,0.0016536739,0.079932577,-0.23109009,-0.36004142
0.013182056,-0.0010526406,0.0015123346,0.086232049,-0.22060209,-0.36551467
0.012904288,-0.0014575049,0.0012514178,0.064947613,-0.25431658,-0.3065372
0.013160241,-0.0013787581,0.0013975226,0.098468091,-0.23362262,-0.32220747
0.013212896,-0.0016549344,0.0012779539,0.085335234,-0.27514451,-0.26879526
0.013821641,-0.0015401371,0.0014529572,0.10025496,-0.27246231,-0.30455506
0.013422784,-0.0011359444,0.0015369056,0.079231124,-0.28009397,-0.27778188
0.013519333,-0.0011960774,0.0014758635,0.081904454,-0.271077,-0.32331976
0.013560249,-0.0010712236,0.0013284248,0.079808195,-0.22459462,-0.3381424
0.012431701,-0.0010386236,0.00099430403,0.054106101,-0.23721742,-0.30277843
0.013481931,-0.00047654008,0.00095585612,0.058111109,-0.23605055,-0.33450254
0.012720776,-0.0010427412,0.0010019689,0.067232338,-0.26017872,-0.30749328
0.013018434,-0.00080277685,0.0012486533,0.084414657,-0.23059865,-0.34373188
0.013124056,-0.00074073194,0.0013595613,0.074712468,-0.26764639,-0.30525923
0.012537676,-0.00081529509,0.0012363465,0.10147753,-0.20646728,-0.3827105
0.012975351,-0.00051294063,0.0017465875,0.10726244,-0.19057241,-0.40240757
0.012907295,-0.0010811073,0.0015819691,0.10202051,-0.24772543,-0.39363737
0.012877298,-0.00068418689,0.0017209642,0.10326504,-0.21787319,-0.4039892
0.012747003,-0.00062608668,0.0012846655,0.07854459,-0.24327601,-0.38380938
0.012601869,-0.00048097648,0.0015489879,0.096686486,-0.23242693,-0.42052913
0.01325621,-0.00015548524,0.0017652048,0.073285229,-0.25952906,-0.40127157
0.013304711,-0.0003887987,0.0017905523,0.088063548,-0.25526615,-0.38754718
0.013402316,0.00014798275,0.0017179057,0.07613251,-0.22286543,-0.3777148
0.012279587,-0.00021622809,0.0014062621,0.058733585,-0.24196684,-0.3732616
0.013320439,-0.00065385012,0.0017027469,0.098554936,-0.21129413,-0.40016086
0.013258948,-0.00054031277,0.0017867647,0.070611116,-0.24917573,-0.36051312
0.012050616,-0.00066146289,0.0016000411,0.085894598,-0.20130602,-0.42964848
0.011666645,-0.00011651955,0.0014867852,0.051945995,-0.2223038,-0.39403042
0.012803361,-0.00055551878,0.0015533414,0.07729491,-0.24138666,-0.39807695
0.012927444,-0.00036060438,0.0016374238,0.071825403,-0.23176994,-0.39459509
0.012779796,-0.00074664703,0.0015160516,0.089081819,-0.25435642,-0.39063717
0.013326402,-0.00066332224,0.001743832,0.086112443,-0.24691844,-0.36402438
0.013136638,-0.00059207301,0.0016141676,0.079705123,-0.25488143,-0.37074673
0.013772211,-0.00038736168,0.0020988483,0.094413149,-0.23585433,-0.38996149
0.013086444,-0.00096080702,0.001968481,0.094241061,-0.25332367,-0.38355759
0.014312818,-0.00012443746,0.0024435346,0.085956899,-0.23839428,-0.39908725
0.014089087,-0.00085123485,0.002565672,0.098539957,-0.25374483,-0.38195211
0.014166855,-0.00064667322,0.0026313237,0.11108452,-0.20987113,-0.38516221
0.013422386,-0.00070585717,0.0024807368,0.09751771,-0.19380469,-0.36700558
0.013873887,-0.00086929394,0.0027571986,0.11593801,-0.17599409,-0.4009605
0.013922964,-0.00083670138,0.0025992471,0.10295076,-0.20353049,-0.38047411
0.013848513,-0.0011393571,0.0024291428,0.11706478,-0.23211565,-0.3711372
0.014441811,-0.0010697057,0.0023375637,0.12021342,-0.24751785,-0.37237089
0.013798487,-0.0012711826,0.0023617251,0.11790769,-0.22932524,-0.35964036
0.014580205,-0.00095626537,0.0023702006,0.11730217,-0.2219817,-0.35627593
0.014474286,-0.00092838073,0.0028637416,0.10887473,-0.2481971,-0.3245611
0.014055493,-0.001247902,0.0026334561,0.11567683,-0.23767899,-0.33566547
0.014671683,-0.00086370402,0.0023660688,0.10445164,-0.22148844,-0.36056231
0.014024865,-0.0010361811,0.0024285421,0.10167222,-0.23559402,-0.38399567
0.01477269,-0.00092979992,0.0025377566,0.10507128,-0.21884769,-0.39105075
0.013829152,-0.0012850164,0.0024197942,0.10310615,-0.24069022,-0.36225636
0.014322564,-0.0009805613,0.0023489243,0.10743873,-0.2019303,-0.38361317
0.013105229,-0.0018100513,0.0022386234,0.12072855,-0.22098754,-0.37177324
0.013865809,-0.0016713826,0.0022606798,0.11763386,-0.2315493,-0.38890512
0.014444532,-0.0013687936,0.0024464552,0.1140261,-0.21750068,-0.38072403
0.014118639,-0.0013809174,0.0025278752,0.11232229,-0.23487274,-0.3829188
0.014509122,-0.00096631041,0.002648322,0.11182222,-0.20017634,-0.38383649
0.013752113,-0.00056605679,0.0024761742,0.082311216,-0.20973221,-0.36434331
0.014215256,-0.0012339515,0.0025169194,0.10695574,-0.20820879,-0.38907926
0.014428624,-0.00095429119,0.002618986,0.10573249,-0.22567916,-0.39207843
0.013845643,-0.0015412005,0.0024253887,0.12523533,-0.22001044,-0.39437887
0.013856153,-0.0015693903,0.00243094,0.14335737,-0.20397803,-0.39224698
0.014207402,-0.0014617636,0.0025890426,0.13310313,-0.22557842,-0.39693568
0.01477612,-0.0013395972,0.0026514142,0.14689126,-0.19208831,-0.39888986
0.015296595,-0.0012225618,0.0028853138,0.1271867,-0.21794764,-0.3758163
0.015008911,-0.0014414702,0.0027697233,0.13073967,-0.22718175,-0.39920845
0.015784346,-0.0013005509,0.0029666789,0.13023825,-0.22952565,-0.39636704
0.015232349,-0.0014971113,0.0027273974,0.12472865,-0.2503417,-0.40443533
0.016207097,-0.0014607831,0.0029328717,0.13366588,-0.25741072,-0.41597762
0.01540422,-0.0018248629,0.002692899,0.1374799,-0.272257,-0.38535584
0.015450242,-0.0014979816,0.0028351879,0.13045926,-0.24585623,-0.37922594
0.014925902,-0.0015120359,0.0027749919,0.12290631,-0.23377165,-0.37022476
0.015019747,-0.0016961977,0.0028229129,0.13411818,-0.23142712,-0.38902397
0.014977735,-0.0017088678,0.0027047541,0.12060724,-0.23539093,-0.36842278
0.014623146,-0.0018229179,0.0027703481,0.12933023,-0.23544444,-0.38783684
0.014622476,-0.0017888071,0.0028021393,0.14273176,-0.23894381,-0.38252659
0.014615226,-0.0015762595,0.0027749341,0.12671653,-0.25982507,-0.38041377
0.015138948,-0.0014496144,0.0030826713,0.13520233,-0.23375239,-0.42413504
0.014271047,-0.0015418976,0.0028544986,0.11732584,-0.23601796,-0.40398586
0.014970396,-0.0015962768,0.0028193803,0.1317544,-0.23057316,-0.40382319
0.014538228,-0.0018150823,0.0025183926,0.1121613,-0.25233156,-0.37005567
0.015050888,-0.0016408577,0.0027247285,0.13006245,-0.22529352,-0.38656869
0.014230084,-0.0022111889,0.0027791556,0.13615315,-0.25114944,-0.33509503
0.015471626,-0.0014895717,0.0031238989,0.13318459,-0.23507851,-0.36226813
0.0146591,-0.0015183157,0.0030813434,0.11874757,-0.25854039,-0.31680505
0.014957661,-0.001419955,0.0030773279,0.12872156,-0.2368631,-0.36063348
0.013681263,-0.0016180956,0.002749835,0.11712118,-0.24077632,-0.33713539
0.014629021,-0.0014011953,0.0026939586,0.10517546,-0.24915628,-0.36469865
0.014469222,-0.0017629632,0.0027832931,0.12029217,-0.23002607,-0.38495712
0.013922831,-0.0017611903,0.0023549137,0.11959468,-0.24531042,-0.38586996
0.014729931,-0.0016497065,0.0026290999,0.13029964,-0.24386381,-0.3784012
0.014113002,-0.0019695065,0.0024115864,0.12768932,-0.25561201,-0.36124692
0.015320475,-0.0017701711,0.0028247419,0.12841121,-0.26011555,-0.38132096
0.014691389,-0.001707151,0.0025576947,0.10436731,-0.27539548,-0.33389981
0.015580725,-0.0016524776,0.0028210486,0.12225654,-0.2668051,-0.35143852
0.015065494,-0.0015493599,0.0025935507,0.10173038,-0.27747205,-0.31341894
0.014882409,-0.0012487421,0.0027999001,0.11226235,-0.22993682,-0.37056725
0.014683082,-0.0019273449,0.0025117898,0.12282492,-0.25157029,-0.3754923
0.013774763,-0.0024927912,0.0025040338,0.15144475,-0.20147854,-0.39280109
0.015175364,-0.0019173824,0.0028603642,0.1190284,-0.24504958,-0.36803369
0.01371366,-0.0019738956,0.0025104913,0.11631402,-0.20848851,-0.35576001
0.01455537,-0.0018385496,0.0028664675,0.13323526,-0.20818644,-0.34461331
0.014905924,-0.0018087124,0.0029138906,0.11322014,-0.27150943,-0.32620898
0.015294424,-0.0014974521,0.0030985444,0.12190032,-0.23711867,-0.35663826
0.014590983,-0.0016461602,0.0031341265,0.11877319,-0.22957796,-0.35836028
0.014604986,-0.0019824045,0.0030741263,0.12955009,-0.20969693,-0.36536234
0.013604083,-0.0026613933,0.002851026,0.14409643,-0.19796414,-0.34651838
0.014510375,-0.0026366575,0.0031246313,0.14424911,-0.22521553,-0.36807335
0.015021713,-0.0022008011,0.0029844036,0.13147396,-0.23672613,-0.3489343
0.014420244,-0.0023766837,0.0027648221,0.12377792,-0.23835109,-0.34128956
0.014355128,-0.002261021,0.0029232573,0.13163192,-0.22253715,-0.34871815
0.014304625,-0.0020399545,0.0028596632,0.11098985,-0.25678405,-0.32651695
0.015380032,-0.0016955414,0.0030439931,0.11985335,-0.25113024,-0.34648783
0.015113244,-0.0019062867,0.0031762341,0.11130197,-0.26988829,-0.31762511
0.01594158,-0.0016377181,0.0032645238,0.12152615,-0.23587397,-0.36031637
0.015893617,-0.0017003708,0.0033584381,0.12182581,-0.26418399,-0.33028993
0.015507317,-0.0013415184,0.0033835744,0.12225262,-0.22333716,-0.35717791
0.01532543,-0.0014867124,0.003773059,0.12894775,-0.22822084,-0.35624111
0.015368903,-0.0018482513,0.0035702886,0.14981516,-0.2324746,-0.36602866
0.014813155,-0.002125911,0.0036095622,0.1442413,-0.22683084,-0.35036431
0.014811214,-0.0024016182,0.0034865611,0.14541824,-0.20792741,-0.37421518
0.013980844,-0.0017592859,0.0034728032,0.1249324,-0.16498792,-0.36345636
0.014932808,-0.0021298961,0.0037152665,0.13994066,-0.23071855,-0.33377933
0.015531828,-0.0013746084,0.0039955428,0.13187843,-0.2163246,-0.33178464
0.014257218,-0.0017292396,0.0036758516,0.12305892,-0.22920143,-0.31365019
0.015621818,-0.001271637,0.0036536443,0.10970002,-0.20104689,-0.35750444
0.014920304,-0.0017054236,0.0037530488,0.12433059,-0.21803423,-0.35973683
0.015375152,-0.0015560012,0.0034365582,0.1272114,-0.2097247,-0.38258021
0.014846231,-0.0017445285,0.003603946,0.12433754,-0.2214548,-0.33013421
0.015443759,-0.0016552443,0.0035529297,0.12401798,-0.20844188,-0.35014427
0.014612308,-0.0020023195,0.0031667361,0.11419816,-0.23026092,-0.3198063
0.01477418,-0.0021415705,0.0033913987,0.13561522,-0.20383829,-0.32155751
0.016175881,-0.0018331143,0.0037275264,0.12194176,-0.25936577,-0.30470765
0.015705157,-0.0016429966,0.0037298352,0.11878212,-0.25144988,-0.30592628
0.015303451,-0.0018414368,0.0035910888,0.11473073,-0.26428145,-0.28296761
0.015445856,-0.0014628511,0.0035598571,0.10027232,-0.22611783,-0.31010875
0.015725654,-0.0014813175,0.0035927412,0.094557894,-0.23142743,-0.33050332
0.014643627,-0.0019269384,0.0034938538,0.11572385,-0.20843883,-0.33445587
0.014051074,-0.0018851225,0.003087053,0.12764372,-0.18949241,-0.32200282
0.014267134,-0.0021974125,0.0027394374,0.136275,-0.18108963,-0.3363808
0.013505026,-0.0016636857,0.0028672439,0.12300791,-0.14837659,-0.33128245
0.012974364,-0.0017618588,0.0028229346,0.11427386,-0.1710142,-0.28839145
0.015011458,-0.0013159221,0.0035212632,0.11758355,-0.19474248,-0.318343
0.013876176,-0.0014627137,0.0032315699,0.10315834,-0.19964762,-0.30656116
0.014779466,-0.0013522982,0.0033841852,0.11801252,-0.19290939,-0.31712529
0.013642033,-0.0016888717,0.0034175728,0.11320544,-0.18621204,-0.27614513
0.014066426,-0.0010587732,0.0033987837,0.10719856,-0.1302396,-0.33075503
0.014496102,-0.0015888384,0.0034070587,0.109481,-0.2162697,-0.29282833
0.014836251,-0.0015232503,0.0033841287,0.12376122,-0.19959805,-0.31480848
0.014178955,-0.001628896,0.0032715622,0.10003267,-0.21426738,-0.25164204
0.014509424,-0.0017685314,0.003334657,0.11682565,-0.18788621,-0.31794367
0.013355397,-0.001607649,0.0030877694,0.099669835,-0.19149764,-0.30726143
0.014814576,-0.0012221136,0.0033730552,0.098006322,-0.22134253,-0.30461386
0.014601818,-0.0010716865,0.0034468393,0.095318467,-0.23237822,-0.29224175
0.014538098,-0.00106648,0.0034486694,0.10103379,-0.22926354,-0.29009839
0.015162417,-0.0011086344,0.0035565313,0.11020095,-0.24263006,-0.27772211
0.014646141,-0.0015161583,0.0035478301,0.11715904,-0.25284381,-0.26062992
0.014052324,-0.001408007,0.0035093859,0.1174092,-0.19122027,-0.30925611
0.013663601,-0.0015058633,0.0033840748,0.10880472,-0.19162656,-0.29994523
0.014429733,-0.0011312021,0.0036304871,0.108057,-0.17910392,-0.33826054
0.014250161,-0.0010868824,0.0039889062,0.10075583,-0.19798805,-0.31211956
0.015138261,-0.00092450705,0.0039315445,0.11081607,-0.17975371,-0.3197032
0.014464033,-0.001061993,0.0038720558,0.098689808,-0.22079388,-0.28577106
0.014557989,-0.0011659312,0.004005089,0.11606723,-0.18846667,-0.31617799
0.013833044,-0.0013822859,0.0037999756,0.11683005,-0.20056598,-0.26803246
0.014731984,-0.0012510949,0.0040528582,0.12354864,-0.17681828,-0.29979165
0.013315218,-0.0013363989,0.003852641,0.12585373,-0.1551464,-0.27742398
0.014447681,-0.0011069003,0.0042048869,0.13022152,-0.15650011,-0.31823327
0.013488335,-0.0010531507,0.0041278615,0.12156986,-0.13504941,-0.29171547
0.014151769,-0.0009245571,0.0042683546,0.12522098,-0.14209993,-0.30304299
0.014846175,-0.00087955746,0.0044491329,0.1242184,-0.16487996,-0.28143539
0.01449244,-0.00067203443,0.0041528127,0.11079069,-0.14798578,-0.3027914
0.015121145,-0.00059745723,0.0042357841,0.098766544,-0.16786306,-0.28684236
0.015239212,-0.0011655794,0.0042844062,0.12114503,-0.1969035,-0.31944115
0.014349996,-0.0012308079,0.0042169082,0.13174527,-0.15490021,-0.33022846
0.013883146,-0.00094326358,0.004165713,0.10973123,-0.1636651,-0.29812229
0.014631746,-0.00099756887,0.0043559308,0.13884295,-0.16614697,-0.30686998
0.013580663,-0.00083096171,0.0040314904,0.12308518,-0.17164552,-0.27430766
0.014242063,-0.00027279543,0.0042894358,0.10837121,-0.14425434,-0.30319091
0.012581858,9.7816212e-05,0.0036403432,0.038976898,-0.16176576,-0.25914126
0.01328056,0.00040491843,0.0034794724,0.039842681,-0.13049795,-0.3147565
0.013488495,-0.00034149972,0.003781968,0.055505065,-0.18984274,-0.27888711
0.013561766,7.1974451e-05,0.0036091528,0.028426541,-0.20118948,-0.29248444
0.01324309,-7.7116571e-05,0.0036312317,0.045172585,-0.18019878,-0.32763
0.012660942,-8.9909689e-05,0.0035323874,0.02642526,-0.20974079,-0.31994563
0.012459322,-0.00039004572,0.003392097,0.043579403,-0.19781512,-0.32411742
0.012477155,-0.00071113015,0.0032776188,0.015828791,-0.2083464,-0.36291259
0.010433258,-0.0010194618,0.0025222056,-0.026003664,-0.11776719,-0.28349798
0.010414082,-0.0011516825,0.0027642749,-0.0081918289,-0.14497481,-0.28755879
0.011599447,-0.0011170318,0.0030913419,0.025202033,-0.14270868,-0.3302271
0.010590304,-0.0011253058,0.0029735576,0.0076220511,-0.15700228,-0.24519001
0.011133913,-0.0013183994,0.003095355,0.015465001,-0.15651118,-0.25644507
0.01111342,-0.0012707157,0.0033763348,0.031688487,-0.13613297,-0.24681045
0.011095917,-0.0012459374,0.003286111,0.0036200983,-0.18106107,-0.21407727
0.010368897,-0.0012758275,0.0034347879,0.037115612,-0.11682318,-0.29535747
0.0080376285,-0.0013918807,0.0027482359,0.015798365,-0.089115245,-0.2520635
0.010233211,-0.0011552005,0.0036139136,0.029312024,-0.10408293,-0.27237167
0.0097697112,-0.0013175781,0.0034334941,0.012979542,-0.14697994,-0.25385233
0.0092155939,-0.0010702324,0.0036592882,0.020558113,-0.093263146,-0.29775034
0.0091943743,-0.00019891641,0.0039106952,-0.0041851351,-0.093545916,-0.29084616
0.010497579,-0.0005623157,0.004118327,0.0099888825,-0.1389103,-0.28672072
0.010605896,-0.00034618203,0.0041300818,0.017305996,-0.11867698,-0.28351799
0.010678889,-0.00016120531,0.0041076491,-0.0037912944,-0.14382996,-0.23616692
0.010741338,-0.00057707595,0.0036071003,0.015005243,-0.13468695,-0.22333555
0.011439127,-0.00068700188,0.0037012041,0.034152779,-0.11055824,-0.23332763
0.010948355,-0.00039874692,0.0040729745,0.021259859,-0.10332321,-0.22689448
0.011224192,-0.00074990846,0.0037869757,0.052889531,-0.12536203,-0.26689589
0.011319779,-0.0005599022,0.0038933491,0.051240325,-0.10105918,-0.2488603
0.010369696,-0.00065061088,0.0040290117,0.06901107,-0.059608823,-0.19105091
0.01141386,-0.00084805575,0.0044442438,0.071723551,-0.10688105,-0.21585464
0.010326792,-0.00086478301,0.0042034829,0.053557304,-0.12024718,-0.21673574
0.010960188,-0.00082019182,0.0043869706,0.05899614,-0.10340941,-0.20909969
0.011923555,-0.00056788254,0.0046213243,0.02694194,-0.17534464,-0.15174892
0.012585681,-0.00051293145,0.0047548206,0.047125404,-0.13468054,-0.22165492
0.012020413,-0.00046417081,0.0045116211,0.025852223,-0.18142219,-0.15094235
0.011053111,-0.0010116632,0.0044006416,0.070904212,-0.091086956,-0.21233562
0.010982003,-0.00098071379,0.0042909882,0.051883376,-0.1205719,-0.18729307
0.012426258,-0.00084747473,0.0043694708,0.06509987,-0.13666276,-0.21499094
0.012536874,-0.00034878568,0.0047510978,0.044229695,-0.16135732,-0.20510595
0.012835498,-0.001440291,0.0046803724,0.081903051,-0.20285334,-0.23590352
0.012685931,-0.0011598901,0.0048781695,0.07471386,-0.1553387,-0.24384484
0.012217169,-0.0011734045,0.0048502092,0.05269041,-0.17451896,-0.21948734
0.012835531,-0.001240085,0.0049877487,0.062352814,-0.16360111,-0.25122648
0.012047768,-0.00097033757,0.0048992975,0.045160098,-0.18247758,-0.20486851
0.01172784,-0.00096246723,0.0046101089,0.066484045,-0.12153597,-0.28469071
0.010735986,-0.00180032,0.0048557091,0.091575075,-0.12882861,-0.26159652
0.011310933,-0.0013946584,0.0045218054,0.093342957,-0.061644216,-0.28776088
0.010445143,-0.0010163164,0.0047170169,0.076498731,-0.066610384,-0.26413987
0.012619023,-0.0010193892,0.0049135636,0.076982943,-0.13012416,-0.25028388
0.013607952,-0.00098262941,0.0049210874,0.076287235,-0.13681682,-0.27551173
0.013730163,-0.0016030839,0.0047927184,0.073431536,-0.17256846,-0.2707659
0.014278528,-0.0016954299,0.0048125038,0.089785557,-0.17184486,-0.30350439
0.013583977,-0.0020025298,0.0048013016,0.088681928,-0.19746019,-0.24399068
0.011779235,-0.0016413116,0.0045685776,0.11338238,-0.074649592,-0.28293678
0.011275257,-0.0015106884,0.0040580458,0.083851538,-0.10453371,-0.22449908
0.010836647,-0.0007672432,0.004339975,0.088741438,-0.045336771,-0.29265822
0.0081478132,0.00030781329,0.0041398429,0.058944615,0.017793791,-0.27706632
0.012327346,-0.00087401431,0.0046634898,0.078841408,-0.13877399,-0.24028056
0.01318232,-0.0011137158,0.0050520021,0.090659454,-0.12475164,-0.28441263
0.013709431,-0.0014382743,0.0051647946,0.082089544,-0.16245079,-0.27306938
0.01430193,-0.0017812887,0.0053394633,0.099698229,-0.13403439,-0.33216002
0.013546994,-0.0016361395,0.0049028783,0.076167446,-0.13467198,-0.31136763
0.014884251,-0.001392497,0.004907331,0.090733613,-0.15139471,-0.30100544
0.013127938,-0.0020662451,0.0047023964,0.10712487,-0.12132842,-0.27092894
0.014029237,-0.0018722133,0.0051590234,0.12564141,-0.10942865,-0.31305836
0.013672209,-0.0021746479,0.0050497001,0.11486483,-0.1628984,-0.23599775
0.012460494,-0.0017660998,0.0050041429,0.11595085,-0.067551543,-0.27959022
0.01257903,-0.0015424875,0.0050650729,0.10655466,-0.12903325,-0.25699376
0.013943726,-0.0018970804,0.0053911159,0.15030215,-0.13893532,-0.30912541
0.013327576,-0.002104578,0.0051927082,0.13965836,-0.12596218,-0.31894394
0.01336234,-0.0023240901,0.0051060437,0.13827006,-0.11004114,-0.35419823
0.013307833,-0.001687973,0.0052206166,0.12715323,-0.070551768,-0.38852397
0.013710773,-0.0018247755,0.0049373531,0.11976414,-0.11393563,-0.36535847
0.013479495,-0.0022170552,0.004937943,0.15514171,-0.065974144,-0.38136029
0.012339068,-0.0024448048,0.0047308396,0.13998161,-0.089965995,-0.347599
0.013018747,-0.0024806832,0.0047766514,0.15482975,-0.059539318,-0.36542704
0.010138979,-0.0019475099,0.0050996823,0.1209841,-0.012788159,-0.34273501
0.0062908934,-0.0011852824,0.0049445055,0.11573734,0.055099323,-0.39483344
0.0074044103,-0.00015068484,0.0059981319,0.15365125,0.10066123,-0.43081547
0.011472722,-0.00061388074,0.0061660269,0.12467042,-0.054268326,-0.38049833
0.011953346,-0.0021560279,0.0061352205,0.18296107,-0.04652053,-0.41268592
0.012964203,-0.0023322676,0.0059533638,0.15552272,-0.079944784,-0.40543066
0.013579734,-0.0028038392,0.0058684437,0.17495039,-0.096987876,-0.4491049
0.014124956,-0.002804189,0.0055293251,0.16280101,-0.1162132,-0.41779376
0.01406498,-0.0025784506,0.0051299885,0.15094994,-0.10817187,-0.395459
0.015431858,-0.0026689851,0.0054323247,0.17670293,-0.15106828,-0.38393791
0.014846682,-0.0022709105,0.0055150526,0.14281334,-0.1547933,-0.35133037
0.014806198,-0.0021317396,0.0054802467,0.17507045,-0.093832512,-0.37532969
-1.7347235e-18,0,0,0,0,0
0.00083288659,-5.2684455e-05,0.00026275051,0.0069339758,-0.011450237,-0.00035010835
0.001638341,1.7679507e-05,0.00065457821,-0.0011522891,-0.013006672,0.020561432
0.00204745,-0.00012294966,0.00060779518,-0.016811449,-0.036284,0.023491984
0.0018843892,4.4888212e-05,0.00076856382,-0.0048910896,-0.023856511,0.016036369
0.0013056754,-0.00036172993,0.00098066338,-0.019001027,-0.04469608,0.048288889
0.000780891,2.7467906e-05,0.00085174765,-0.0084315561,0.0033565599,0.018625536
-0.00018632884,-0.00017605698,0.0010005877,-0.024373885,-0.016252929,0.079356325
5.1157905e-05,0.00040801655,0.0010501887,-0.020018207,0.016864123,0.064513825
-0.0013101905,0.00091475309,0.00075288326,-0.033057818,0.055354555,0.040625901
-0.00026310323,0.00075675427,0.00125725,-0.031088331,0.012157183,0.034194895
0.0010889806,0.0011309395,0.0013611936,-0.030746965,0.0093720202,0.025743747
0.00053901339,0.00047582542,0.0013732672,-0.033182973,-0.014234103,0.047354105
0.0003152129,0.00045394252,0.0012496961,-0.011442292,0.014849182,0.036446293
-0.00072785493,0.00054534602,0.0012369682,-0.028584944,0.022363295,0.080383052
-0.00042354217,0.00076901138,0.0013886615,-0.0057141445,0.038664941,0.060389113
-0.00080953861,0.00084415389,0.001346534,-0.016276878,0.033527393,0.076422786
-0.00030219147,0.0010640123,0.001372158,-0.013012979,0.028371141,0.065940204
0.00036111,0.0015696796,0.0012257149,-0.031544204,0.055286883,0.086761052
0.001588452,0.0020474171,0.0013312559,-0.06542053,-0.010895974,0.07024959
0.0022401485,0.0019831277,0.0012809799,-0.052944447,-0.016535008,0.077294862
0.0016009707,0.0012354014,0.0013165342,-0.031133333,-0.022472652,0.084132374
0.0029207254,0.001686497,0.0016287451,-0.032412815,-0.029644954,0.077812233
0.0024444393,0.0017034804,0.0014735033,-0.049351782,-0.049333411,0.099990619
0.0023419466,0.0013848773,0.00169717,-0.020274975,-0.041138527,0.088668441
0.0024899046,0.0015394478,0.0016476499,-0.034739408,-0.039398429,0.080943068
0.0020082343,0.0010592576,0.0012301421,-0.026607039,-0.04662042,0.055676744
0.0015534138,0.00058895758,0.0011428018,-0.011103484,-0.020864913,0.061872418
0.00044250438,0.00029955087,0.00098292751,-0.0021348236,0.0095067077,0.057920783
0.001074424,0.00060112156,0.0012769273,0.0088991113,0.024029373,0.034440135
0.0014472858,0.00025730333,0.0014972367,-0.00083856876,-0.041275826,0.079442741
0.0026744233,0.00052852739,0.0019810012,0.0071123545,-0.01111783,0.061479719
0.0033738536,0.00062527127,0.0021583621,-0.0056230134,-0.019550695,0.06511763
0.0035326919,0.00036402574,0.0020341355,-0.0060363713,-0.017903232,0.06804185
0.0039315144,0.00039873536,0.0021124474,-0.0068413813,-0.020860143,0.068744592
0.0031462052,0.00014266269,0.0018122333,-0.019838314,-0.025297247,0.087552442
0.0031060783,-0.00016021749,0.0019835432,0.008298623,-0.0048119131,0.082667409
0.0026903404,-0.00017490175,0.0016630684,-0.0011291775,-0.03478326,0.074425101
0.0030420445,-0.00023125518,0.001824786,0.022162553,-0.010475392,0.048304393
0.0033160525,-0.00031263603,0.0016114582,0.00040692594,-0.032108874,0.06185515
0.0032105367,-0.00020654822,0.001721845,0.015885226,-0.043746046,0.0564021
0.0030215584,8.6079643e-05,0.0015839786,0.00070624071,-0.045299779,0.091208159
0.0023063307,-0.00045051311,0.0015012507,0.0112398,-0.029652935,0.086780777
0.0031482615,0.00023848665,0.0019385305,0.0094130793,-0.022192281,0.051361905
0.0028979454,-0.00015580926,0.001483735,-0.014785772,-0.04143929,0.065798463
0.002312997,-0.00058701652,0.0013890735,0.021111522,0.0023994572,0.05314281
0.0016355374,-0.0004766892,0.0011610586,0.0065592998,0.076822826,0.07485272
0.0029378462,-0.00046156686,0.0015282119,0.012810931,0.044274768,0.066958525
0.0029826012,-0.00053699022,0.0016193263,0.0041946361,-0.033978002,0.093703513
0.0040116301,-3.2327276e-05,0.0015332121,-0.012022413,-0.032424743,0.11043795
0.0027818936,-0.00058732892,0.0017411908,0.0022246535,-0.0064327518,0.12147569
0.0028300644,-0.00093376965,0.0017537988,0.011175866,-0.0078018492,0.10269917
0.0033404726,-0.00098047288,0.0019664352,0.029929677,0.019734694,0.078450753
0.0034064765,-0.00077682444,0.0019902779,0.0012432112,-0.018474975,0.10702024
0.0029039262,-0.00091330346,0.002096995,0.034865484,0.018399192,0.10118031
0.0018307641,-0.00061148564,0.0016565388,0.0011206056,0.010605235,0.12871118
0.0019446456,-0.00053244128,0.0018303934,0.023466878,0.044186317,0.10094957
0.002251555,-0.00028978798,0.0018463501,0.0050355035,0.01964594,0.084137467
0.0018413673,-0.00085864453,0.0020061411,0.023709882,0.03165125,0.048746439
0.0018940366,-0.00056571843,0.0020468089,0.013451456,0.042322104,0.04956681
0.0020254387,-0.00088717291,0.0019334191,0.0054803947,0.0038032474,0.080036173
0.0023862233,-0.00059714712,0.0022024352,0.024358863,0.033836053,0.063781569
0.002570282,-0.00068446174,0.0020568928,0.0033594149,-0.00091789012,0.093698239
0.0030818345,-0.00057088306,0.0020029088,0.0035411189,-0.0039812843,0.094189124
0.0019236409,-0.00026171181,0.0019101839,-0.01278122,-0.0046844685,0.13687547
0.00051581907,0.00055367707,0.0012067749,-0.037939481,0.081802809,0.12655001
0.0012975022,-0.00017852904,0.0015870699,-0.021789662,0.051064708,0.15804267
0.0012377242,0.00051216058,0.0017354861,-0.031825224,0.088829682,0.1303013
0.00088411724,0.00099688454,0.0017818345,-0.040023979,0.11424788,0.11870355
0.002124895,0.00012386636,0.0021290041,-0.024250204,0.041470823,0.12966581
0.0024850633,-6.4720243e-05,0.0024989509,-0.0039586638,0.052272524,0.10023903
0.0022512367,-0.00044949847,0.0024095807,-0.010602544,0.041789981,0.10590859
0.0026370204,-0.00053359375,0.0025101039,0.0093281052,0.048539532,0.076872718
0.0031137199,-0.0010471988,0.0024091663,0.033563771,0.0034681272,0.080547636
0.0029081211,-0.00099461088,0.0024547078,0.046857319,0.049999008,0.086674961
0.0012023305,-0.00031532803,0.0016197463,-0.022937334,0.11983605,0.14647526
0.0019931684,0.00059850435,0.0021272213,-0.042338992,0.10674902,0.14036152
0.0026042287,-0.00046765908,0.0024031973,0.0028966342,0.013527115,0.14253179
0.0028292917,-0.00031993741,0.0025907586,0.014263125,0.042053525,0.1237267
0.0019802081,-5.6652345e-05,0.0026220812,-0.022735063,0.043208659,0.13040928
0.00085384845,0.00030823184,0.0029185577,0.002285534,0.10286887,0.11627164
0.00103494,0.00065174532,0.0030262512,0.017490466,0.13158387,0.085215642
0.0023264859,-0.00010772464,0.0028830964,0.012411402,0.03333209,0.10677549
0.0033675972,-0.00043314587,0.0030957195,0.056813126,0.007050028,0.10248898
0.0031830906,-0.0007330313,0.0030483417,0.040670627,0.0035182342,0.1089024
0.0030705802,-0.00056074782,0.0030602265,0.066362211,0.056760733,0.057733658
0.0024515403,-0.00042307273,0.0030978071,0.040249761,0.064789715,0.10783456
0.0012407818,0.00016311537,0.0026599511,0.027553979,0.13029559,0.10889246
0.0020961984,0.00013371955,0.0031314127,0.025668675,0.079229069,0.12867285
0.0025742358,-0.00025853304,0.0036273638,0.032738355,0.051118477,0.162408
0.0015820152,-7.1102982e-05,0.0036454703,0.04924797,0.12040548,0.11879111
0.0012018818,-0.00010299075,0.0036052387,0.028455608,0.10330402,0.12375725
0.0020509769,-0.00053606041,0.0040312813,0.054725928,0.078063269,0.10512557
0.0013960782,-0.00014593623,0.0041470177,0.034434588,0.10284526,0.11801426
0.00032606362,0.00010664064,0.00402641,0.0055816892,0.16457397,0.09259816
-0.0011796571,0.00053694869,0.0037565985,-0.064447054,0.22293595,0.1184341
0.0018229662,-0.00017238099,0.0040993121,-0.0031305233,0.13410544,0.12301569
0.0027324312,-6.1985572e-05,0.004416352,0.006073941,0.12716536,0.12427458
0.0018992264,-0.00056717135,0.0042782323,-0.0039074866,0.10476515,0.13675275
0.0022215151,-0.0007669662,0.0041638777,0.025192374,0.14373903,0.087821286
0.0024205078,-0.00085738316,0.0039873411,0.0033852894,0.086220057,0.13530338
0.0019599925,-0.00046394676,0.0042136608,0.026172932,0.16743952,0.098486472
0.0012681115,-2.4941939e-05,0.0039369698,-0.030323625,0.15670019,0.19570938
0.0037555498,-0.00033739906,0.0043120536,0.024210766,0.098301171,0.16543314
0.0035177648,-0.00032696247,0.0041336686,0.012226982,0.10190934,0.19594081
0.0034661026,-0.00018200146,0.0040089751,0.0039304763,0.10957882,0.1880992
0.003343263,-0.00029830047,0.0039900822,0.0097895576,0.13793281,0.15264899
0.0033005165,-0.00037706486,0.003956591,0.0073000615,0.1186358,0.14937401
0.0045006724,-0.00035627645,0.0040502953,0.033503855,0.055345286,0.13238916
0.0036756733,-0.00039209103,0.0039644216,0.037582848,0.047056234,0.1387362
0.0042674131,-0.00029595567,0.004247604,0.04368464,0.083554102,0.13267959
0.0048332169,-0.00042475474,0.0042434276,0.021542579,0.05039241,0.17871004
0.0051938381,-0.00050283982,0.0043298019,0.051949042,0.071307188,0.17088518
0.0050268781,-0.0003940315,0.0042349065,0.024663028,0.067356377,0.17777005
0.0046138987,-0.00064599355,0.0040450843,0.02652421,0.060105549,0.17903576
0.0029575799,-0.00017598833,0.0038447409,0.028977263,0.14388218,0.14379243
0.0027139007,-1.4020166e-06,0.0038395131,-0.0054482891,0.092311583,0.1408751
0.0053446317,-0.00034037694,0.0043954713,0.042225039,0.068912046,0.11827208
0.0042399063,-0.00035211515,0.0041905544,0.015604769,0.066875441,0.14494268
0.0044784242,-0.00072551396,0.0044080969,0.050202148,0.093370611,0.099642908
0.003263044,-0.0007722224,0.004090368,0.038409587,0.1033931,0.1189922
0.0051174342,-0.00047974297,0.0042424616,0.033878728,0.061880916,0.12109354
0.0042003904,-0.00064680509,0.003839995,0.037812792,0.070148693,0.15730764
0.0038495895,-0.00091513416,0.0040311769,0.069096884,0.12946145,0.13057351
0.001516733,-0.00034369981,0.00379276,0.020908224,0.17681662,0.10946588
0.0011001549,0.00023948967,0.0038332264,0.0049994655,0.19670477,0.11889573
0.0035154455,5.8038159e-05,0.004231814,0.0255345,0.11319078,0.14630851
0.0043648702,-0.00019447338,0.0043884916,0.035531096,0.073918076,0.12339195
0.0050289829,-0.00077921176,0.0047918432,0.069408096,0.064672342,0.096315336
0.0049527215,-0.00084334346,0.0047943892,0.061052513,0.093944322,0.10115073
0.0039898454,-0.00059390902,0.0049733637,0.052071483,0.12356801,0.11522032
0.0058128217,0.00022033635,0.00525526,0.043459083,0.096475936,0.10999067
0.0061626046,0.00036219621,0.0054011092,0.053936603,0.081055505,0.13690199
0.0063257769,0.00041525151,0.005370355,0.065124623,0.06400807,0.10207244
0.004252096,0.0010118943,0.0050075535,0.040680671,0.11684754,0.094783934
0.0042803234,0.00076892561,0.0055046849,0.01556877,0.050233649,0.12488405
0.0049766922,0.0015222113,0.0042599778,-0.021644626,0.064003347,0.093775731
0.0050642874,0.0012777361,0.0039551612,-0.033174251,-0.038014836,0.1055657
0.0054814983,0.0010701237,0.0043745293,0.005534543,-0.026905566,0.097927115
0.0057237847,0.00081571758,0.0044519145,0.023365019,-0.056842863,0.12521769
0.0057002216,0.00067785153,0.0043693476,0.021308871,-0.093302217,0.19034232
0.0054195684,0.00045854831,0.0044512916,0.025962396,-0.12717179,0.24821459
0.0051267441,0.00065019343,0.0048065831,0.047303142,-0.085667088,0.22798677
0.0041381926,0.0006603424,0.0049903017,0.054517688,-0.041470506,0.19534411
0.0041592133,0.00098081332,0.0052848277,0.050561375,-0.027503099,0.18611924
0.0037889291,0.00034905684,0.0053765683,0.059274794,-0.035940752,0.19219611
0.0024144757,0.00070533515,0.0054037539,0.063511667,0.029234354,0.12782777
0.0022961413,0.00085762048,0.0050747939,0.026291282,0.028361283,0.12087552
0.0037544125,0.00084424643,0.0055175719,0.033084947,-0.031824133,0.13819135
0.0025806294,0.0003394597,0.0052259637,-0.0039541617,-0.023850034,0.23147015
0.0029678403,0.0012380209,0.0051232756,-0.054955963,0.0049140822,0.26152147
0.0022428025,0.00041040213,0.0047822162,-0.033776028,-0.022771861,0.2440345
0.001894917,0.000136748,0.0049362436,0.021680943,0.017331891,0.19439623
0.0010116645,0.00083227754,0.004796977,-0.013957058,0.053390125,0.16217676
-0.002441383,0.0006970483,0.0047292641,-0.010696652,0.11998741,0.14556534
-0.0010949435,0.0013251296,0.0057299293,-0.0063975838,0.1070554,0.13120777
0.0010208718,0.00078901084,0.0052055929,-0.015299501,0.036152163,0.13912087
0.0015179583,0.00046015089,0.005668346,0.0035284368,0.034655119,0.11268642
0.0016868898,-6.1006766e-05,0.0055040604,0.0035182919,0.017644024,0.086456646
0.0011946814,-0.0006055131,0.0054518385,0.031718381,0.032472055,0.051356665
0.00084682287,-8.3481461e-05,0.0052317488,0.01609245,0.066856773,0.068852566
0.00068546712,0.00010516112,0.005296214,0.0062310677,0.039381252,0.12145546
0.0017423866,0.00066813957,0.0054171182,0.023450331,0.061961355,0.13611347
0.00093324311,0.00094321706,0.004716176,-0.008459791,0.072217412,0.17223275
0.00322736,0.001568079,0.0040303197,-0.046376982,-0.026269665,0.26455963
0.0025318361,0.0021616468,0.0036053183,-0.084367187,-0.012807771,0.20928231
0.0025757898,0.0019356198,0.003341552,-0.11004742,-0.05219759,0.20553472
0.0022738914,0.0021308285,0.0038800024,-0.093298735,0.047041452,0.17250873
0.0015160384,0.0015179587,0.004251386,-0.069282673,0.029956258,0.17473635
0.002604561,0.0020230432,0.0037434555,-0.10259712,-0.046987321,0.17901326
0.00095619031,0.0016080133,0.0037330307,-0.072464467,-0.054590933,0.17103845
0.0021368462,0.0023022836,0.0024838238,-0.11835568,-0.039778966,0.18269546
-0.007395123,0.0030528696,0.00073065666,-0.27455384,0.43957161,0.52746134
-0.01769225,0.002729072,-0.0013780599,-0.37873753,0.69743086,0.7578
-0.016239922,0.0024043791,-0.0016882676,-0.36866228,0.58025222,0.60527314
-0.014923788,0.001431044,-0.0012798167,-0.26097475,0.031112118,0.5197145
-0.015241641,0.00067238441,-0.00020494071,-0.24113139,0.12608116,0.46703436
-0.01633547,4.4114961e-05,-0.0024680496,-0.36259924,0.5546644,0.67997024
-0.016815361,0.00022648133,-0.0041723581,-0.39039296,0.60903258,0.83504348
-0.017857566,0.0003176184,-0.0027753333,-0.35219567,0.44356928,0.76014188
-0.016764461,0.00099420959,-0.0018982696,-0.25645077,-0.02825072,0.58917913
-0.017265271,0.0020041005,-0.0010101712,-0.29147768,-0.037075993,0.43145987
-0.016120781,0.0020300542,-0.0013882648,-0.33777434,-0.047449474,0.48138687
-0.01633556,0.0020757837,-0.0010974637,-0.33528813,0.031400888,0.50832434
-0.015136361,0.0022666451,-1.1748728e-05,-0.33348106,0.024315332,0.47927117
-0.014073309,0.0022552794,0.00011248891,-0.32619395,-0.015351003,0.45415954
-0.013146581,0.0026674427,-0.00011393324,-0.30341199,-0.046999962,0.45278148
-0.012788483,0.0030041854,-0.00023795369,-0.33749843,-0.056472167,0.44543519
-0.012135996,0.0032933897,-0.00024577651,-0.32901292,-0.020672049,0.41318085
-0.013580029,0.0026758135,-4.7342775e-05,-0.31544848,0.012673447,0.41527283
-0.014000191,0.0024674584,0.00018695381,-0.29019161,0.035520799,0.41679241
-0.013050353,0.0036892791,3.1704513e-07,-0.31977297,0.048809394,0.39533167
-0.012457903,0.0038049931,-0.00012172706,-0.34336444,0.017678263,0.32197674
-0.011714649,0.0052248277,0.00055775389,-0.37490816,0.11348781,0.32514265
-0.0096478771,0.0048866275,0.00089062256,-0.3222106,0.0505504,0.35577508
-0.011528869,0.0047359079,0.00087299376,-0.34578797,0.072202282,0.38200988
-0.010798408,0.0047600466,0.0012471387,-0.3252784,0.043124506,0.38921464
-0.011159685,0.0050365224,0.00078278773,-0.37000896,0.042121805,0.39362489
-0.01073308,0.0046885451,0.00056927075,-0.35503966,0.066960921,0.36925433
-0.011500902,0.0044552659,0.00074245516,-0.34978058,0.07775398,0.36723402
-0.011782496,0.0042635387,0.00057041184,-0.35299519,0.06323137,0.3633069
-0.010621316,0.004452789,0.00061974863,-0.35013256,0.038888148,0.33019852
-0.01059026,0.0046132886,0.00092544378,-0.38371915,0.073484194,0.32070973
-0.010780804,0.0039585718,0.0011593279,-0.31746649,0.11987313,0.31311347
-0.0097755127,0.0048251754,0.0010359336,-0.339934,0.088438631,0.32364591
-0.0096279773,0.0044828672,0.00099613562,-0.36891469,-0.023547261,0.34796039
-0.0098839399,0.0042462173,0.00031501506,-0.3608305,0.067217052,0.29612586
-0.009745419,0.0041483094,6.6175605e-05,-0.38157439,0.047623222,0.31713423
-0.011022231,0.0025513116,-0.00016682979,-0.32374889,0.076073681,0.33801328
-0.011229011,0.0028339185,-0.00016928539,-0.3303579,0.077901431,0.37534326
-0.012694878,0.0024202288,-0.00031103006,-0.32650342,0.10119851,0.35976918
-0.010904659,0.0022995141,-0.00016894117,-0.31036377,0.10483996,0.33318006
-0.011526075,0.001403409,-0.00067021768,-0.31560142,0.1067141,0.32657267
-0.011015553,0.0012152087,-0.00071902172,-0.29756145,0.14026004,0.29572219
-0.011712277,0.0010406415,-0.00093075536,-0.29546776,0.16024916,0.34175121
-0.01239551,0.0013728771,-0.00097378312,-0.31784044,0.15884729,0.37806859
-0.011824993,0.0015543465,-0.00091298012,-0.31427236,0.16418446,0.34985948
-0.012521377,0.0014600438,-0.00098708651,-0.32069597,0.16132914,0.36886004
-0.012847284,0.0018619985,-0.0012422433,-0.34244317,0.13850114,0.3232486
-0.014192578,0.0019579027,-0.0015014158,-0.34869269,0.16974411,0.31124402
-0.014633312,0.0019595531,-0.0012414573,-0.35810175,0.15685166,0.33855836
-0.01443658,0.0023093665,-0.0012167328,-0.35163294,0.17680275,0.29711782
-0.014552783,0.0025039998,-0.0014044325,-0.38245666,0.16682823,0.34686961
-0.014078705,0.0025384158,-0.0014060288,-0.37082614,0.19234177,0.32934844
-0.015323938,0.0021092174,-0.0015892493,-0.37660167,0.16112594,0.37773175
-0.014991196,0.0018786663,-0.0014069038,-0.36023568,0.17870533,0.33394093
-0.015165336,0.0022222502,-0.0015291389,-0.37454816,0.1454677,0.33236683
-0.015744719,0.001632732,-0.001492892,-0.33793812,0.19734996,0.33185103
-0.015173642,0.0022150525,-0.0015129946,-0.36750026,0.17815437,0.3590796
-0.014548077,0.0018265002,-0.0012293433,-0.33428754,0.18053689,0.35919365
-0.01494951,0.0020204298,-0.0014899626,-0.32920666,0.22488953,0.36303352
-0.01470804,0.0020264488,-0.0011571131,-0.32629412,0.20023093,0.35740167
-0.013975675,0.0022864165,-0.00085107201,-0.32500115,0.19417605,0.35395193
-0.014547168,0.0021415513,-0.00084774338,-0.33748944,0.18478649,0.37874319
-0.014318639,0.0025025063,-0.00082516348,-0.34308319,0.22257164,0.34040204
-0.01559634,0.002067634,-0.00099841193,-0.34511408,0.22490368,0.37603225
-0.014539676,0.0025161987,-0.00086198767,-0.32212266,0.23974513,0.32189126
-0.016156295,0.0026524534,-0.00096184867,-0.3516998,0.24187415,0.34926744
-0.016080774,0.0034052784,-0.00094780576,-0.33551887,0.28023766,0.29497568
-0.016630587,0.0030006535,-0.00038039972,-0.32888716,0.25557934,0.31998818
-0.014034807,0.0030100007,-1.4037596e-05,-0.33565718,0.20842394,0.29213586
-0.014106115,0.0027779099,-7.5754765e-05,-0.32812289,0.2054431,0.30322594
-0.014054759,0.0029090139,-2.0774039e-05,-0.35637997,0.2092319,0.31855636
-0.014262872,0.0031144862,0.00016207893,-0.33931177,0.24103548,0.30050228
-0.013748473,0.0030828819,0.00040700289,-0.33918787,0.19631347,0.28077034
-0.01324011,0.0030669148,0.00050090681,-0.31940469,0.2067129,0.29233158
-0.014912632,0.0027222696,-5.6612973e-05,-0.34054244,0.20134486,0.35067715
-0.013390577,0.0029621807,0.00024644904,-0.31565203,0.20663676,0.33280655
-0.016550172,0.0027745446,-0.0011098766,-0.3529616,0.23584588,0.36513417
-0.016653627,0.0029890424,-0.001553772,-0.34627385,0.26612068,0.2961131
-0.015067993,0.00293241,-0.00065347975,-0.35000567,0.20016138,0.3454092
-0.01553325,0.0028338942,-0.00067255258,-0.34556617,0.22881952,0.29350682
-0.016813079,0.0029105217,-3.6882256e-05,-0.32433391,0.27619717,0.24632939
-0.015877464,0.0029376663,0.00041955705,-0.3250601,0.2590436,0.2451678
-0.014696966,0.0031392189,0.00035570823,-0.33540202,0.25935094,0.26981549
-0.013934224,0.0033445208,0.0004186417,-0.34310436,0.21902999,0.26805293
-0.014089564,0.0032968091,0.00052585438,-0.34206104,0.20904404,0.30780123
-0.014580049,0.0030157101,0.00035467135,-0.34661329,0.18120047,0.34607968
-0.013723685,0.0034270683,0.00038256482,-0.34588315,0.18628241,0.32712704
-0.014238519,0.0037087954,-0.00018561714,-0.39114815,0.1681799,0.36846882
-0.014010729,0.0034462708,8.9169166e-05,-0.35787835,0.20897429,0.26465283
-0.013957753,0.0037568004,-0.00014460029,-0.37866664,0.18141407,0.31324261
-0.013154319,0.0043339146,-0.00038338561,-0.39463354,0.1923098,0.28595518
-0.013364501,0.0040028771,-9.1589991e-05,-0.3870499,0.17716612,0.30545977
-0.013337152,0.0036070928,0.00016617151,-0.36195493,0.17476481,0.28155181
-0.012439681,0.0042398828,0.00024433263,-0.37728313,0.16889806,0.28561224
-0.013638632,0.0034232732,0.00026820398,-0.3691074,0.17216968,0.30895816
-0.012559925,0.0040493498,0.00045974954,-0.37753878,0.17947072,0.30885202
-0.014096511,0.0033273469,0.00025057648,-0.36109118,0.16851972,0.32833492
-0.012939628,0.0041252901,0.00034246275,-0.35589247,0.19940553,0.27148611
-0.013329879,0.0042060792,9.2091608e-05,-0.38840001,0.1729269,0.29327631
-0.012696719,0.0040657322,0.00017146496,-0.36020486,0.18416107,0.25509392
-0.012806049,0.0041099542,-2.3960986e-05,-0.37699122,0.16436836,0.28209181
-0.01296991,0.0035991431,0.00024511138,-0.33737184,0.19139197,0.24270601
-0.014622355,0.0035179694,-0.00018230291,-0.35682579,0.20653886,0.30251631
-0.013905835,0.0034345559,-0.00016330513,-0.35053722,0.17619518,0.28280405
-0.013562385,0.0034361618,-0.00021343731,-0.36889209,0.16648672,0.31444702
-0.013891261,0.0038712182,-0.00010353225,-0.38411697,0.15368117,0.33822915
-0.013110535,0.0046588665,-0.00034727105,-0.4112076,0.15363588,0.33937915
-0.013945576,0.0043530833,-0.00010200638,-0.40654286,0.13951442,0.37607326
-0.013650776,0.0045800188,-3.415092e-05,-0.3975234,0.16562672,0.33965144
-0.014491817,0.004649801,-0.00011234337,-0.42987056,0.17075397,0.36232438
-0.013841703,0.0046766498,-1.6214033e-05,-0.416271,0.1834059,0.32088994
-0.014777546,0.0049726033,5.1549294e-05,-0.4229165,0.19209763,0.31154884
-0.014981553,0.0041028865,0.00013407011,-0.40311162,0.17910424,0.32316973
-0.014375288,0.0056578077,-4.6342632e-05,-0.45797722,0.27381234,0.30114004
-0.015577552,0.0057765686,-4.4460857e-05,-0.45989161,0.24706878,0.33195574
-0.014760124,0.0057785268,-6.929322e-05,-0.45395215,0.24863809,0.31881484
-0.014920005,0.0052875792,0.00014050227,-0.43803586,0.22625287,0.35467977
-0.015527354,0.0048302508,0.00025367532,-0.40636854,0.17528446,0.36603706
-0.014508544,0.0056281081,-8.8701973e-06,-0.43286758,0.19665551,0.35618627
-0.015762921,0.0053913724,0.00018632659,-0.43799051,0.21649396,0.32823581
-0.01594178,0.0053241381,-0.00018814,-0.44389261,0.23357913,0.29226721
-0.016227666,0.0048323229,5.6032279e-05,-0.43841148,0.22474187,0.30527633
-0.015326506,0.004967122,-5.0789494e-05,-0.43945953,0.23698803,0.27086657
-0.015329934,0.0050509904,0.00039247588,-0.41299562,0.23111519,0.29084188
-0.015806044,0.0052757829,-0.00014816157,-0.44233368,0.15593996,0.33542584
-0.01597795,0.0053531275,-0.00020952,-0.44807375,0.19231809,0.37395312
-0.016049531,0.0047446268,0.00011419333,-0.42893144,0.14644912,0.37651063
-0.015140171,0.0049396297,0.00014825392,-0.41202706,0.18057762,0.33202276
-0.016426117,0.0053533295,5.2593277e-05,-0.46098233,0.17477789,0.38080042
-0.017303037,0.0053476123,0.00027661111,-0.43813124,0.2170496,0.36491908
-0.015822811,0.0065229402,-0.00010537311,-0.49417903,0.12530536,0.38207653
-0.016548514,0.0069032747,-0.00022478631,-0.52693862,0.12881567,0.35918762
-0.016334859,0.0067332615,4.4247027e-05,-0.50258541,0.1877986,0.29178571
-0.016032503,0.006688862,0.00012823683,-0.51937921,0.18091146,0.28924889
-0.014923021,0.0063217985,0.00062660521,-0.49465512,0.21674358,0.27442448
-0.015298778,0.0060848884,0.00039557482,-0.47781255,0.17915921,0.29488319
-0.016423506,0.0050958787,0.00041065641,-0.4468055,0.1624683,0.31880743
-0.015983396,0.0063010406,0.00025318436,-0.47865372,0.14710488,0.32098968
-0.017593147,0.0064229804,0.00044117249,-0.50285817,0.16724264,0.41865319
-0.018125642,0.0067090062,0.0006597751,-0.49027129,0.19779909,0.38921351
-0.018084338,0.0071351851,0.00083939869,-0.5080557,0.22892669,0.37627833
-0.019106084,0.0064907217,0.0010192688,-0.50306145,0.25424279,0.31422838
-0.018401038,0.0067224985,0.0011603734,-0.48747012,0.2803474,0.26084799
-0.020011275,0.0059307909,0.0010376428,-0.47882276,0.27241595,0.32037226
-0.019394949,0.0066101821,0.0010199554,-0.47279685,0.30041206,0.28974538
-0.01944703,0.0064359436,0.00093537812,-0.46992224,0.25877905,0.32182262
-0.019498657,0.0067329886,0.00072851045,-0.47730185,0.27698486,0.30345651
-0.01942907,0.0072983435,0.0007673258,-0.4881728,0.28698542,0.31860782
-0.020429943,0.0066588652,0.000413112,-0.49021821,0.27394882,0.31968327
-0.019162364,0.0070766831,0.00073228855,-0.480357,0.28623875,0.29278092
-0.019844716,0.0068787496,0.00055448504,-0.49589716,0.26179681,0.31491393
-0.018811235,0.0070243436,0.00069993653,-0.48826869,0.26538029,0.26093406
-0.019631397,0.0068594875,0.00074910992,-0.49299358,0.26045364,0.27718606
-0.020027243,0.0062548073,0.00075105019,-0.47742294,0.27124074,0.23793336
-0.020722994,0.0061751696,0.00035709684,-0.46220438,0.2925617,0.23244106
-0.02059883,0.0059553668,0.00050116926,-0.47029114,0.2734518,0.28369126
-0.020022937,0.0061753398,0.00049677885,-0.45620272,0.28272953,0.25466239
-0.02183018,0.0057011692,3.1783026e-05,-0.46726701,0.30431747,0.30461247
-0.021161064,0.0061095231,0.00011920733,-0.46954996,0.33470819,0.24288908
-0.019873835,0.006222765,0.00091946019,-0.48067686,0.28640394,0.2554476
-0.020872841,0.0061729316,0.00035638232,-0.47698066,0.30976983,0.26266059
-0.01932212,0.0068719208,0.00068656836,-0.46362615,0.29989272,0.23573096
-0.018368486,0.0070331052,-0.00040898112,-0.49896574,0.13650071,0.30319004
-0.01887403,0.0081983627,-0.0015017802,-0.54244981,0.16269242,0.33492194
-0.019852412,0.0068933998,-0.0013611189,-0.50015871,0.19625037,0.32797479
-0.021069576,0.0071874698,-0.0015397187,-0.50535348,0.23088124,0.27893936
-0.021589772,0.007940921,-0.0018236709,-0.53506456,0.22238783,0.29945033
-0.02200706,0.0075642319,-0.0021457751,-0.54737392,0.20054977,0.31760756
-0.020707347,0.0080831816,-0.0023240125,-0.53609283,0.20650378,0.28413961
-0.021757293,0.0078422476,-0.0024340842,-0.55180795,0.19927459,0.32172886
-0.021124789,0.0078706937,-0.0021163351,-0.5136276,0.21076837,0.28805181
-0.021824831,0.0077927528,-0.0019336229,-0.50776203,0.19402042,0.32051706
-0.022852355,0.0080958642,-0.0027892775,-0.56645919,0.22171926,0.30404753
-0.022779039,0.0068408101,-0.002740342,-0.53665857,0.20460066,0.32521434
-0.022133286,0.0066946082,-0.0026523098,-0.53689474,0.14638821,0.37872429
-0.021737225,0.0071066592,-0.0026448876,-0.55644041,0.16395319,0.41892511
-0.023724659,0.0061572545,-0.0024916765,-0.54088126,0.15560094,0.4376161
-0.022286368,0.0067595025,-0.0035309402,-0.56338228,0.14564745,0.41581523
-0.022960507,0.0064834545,-0.0035643733,-0.57394262,0.092229274,0.43777154
-0.023145646,0.0073737229,-0.0047722294,-0.61828247,0.10623493,0.42896129
-0.022197376,0.0082585926,-0.0036446564,-0.63059539,0.17547209,0.32667473
-0.020461617,0.0078330806,-0.0034828799,-0.58481472,0.10574765,0.19475523
-0.02152718,0.0069006676,-0.0036115274,-0.5974648,0.19822985,0.21119345
