0,0,0,0,0,0
0.0032555973,-0.00012805477,-0.0005819447,-0.024350901,0.0052948251,-0.0015179428
0.0044147854,-0.00018215913,-0.0012398182,-0.043167376,-0.034697177,0.025140935
0.0043439403,-0.00032501926,-0.0015294811,-0.043021658,-0.041646443,-0.0022083276
0.0038959222,-0.00015715413,-0.0014671677,-0.039204365,-0.091349039,-0.031583763
0.0036216681,-4.1463398e-05,-0.0018112193,-0.053048043,-0.06729865,-0.050760456
0.0033571874,0.00021366729,-0.0017351537,-0.055543972,-0.092086903,-0.050512716
0.0034689942,0.00018124374,-0.0019687413,-0.067456187,-0.086084135,-0.059962958
0.0035823969,-7.080085e-05,-0.0016351199,-0.042371568,-0.10047665,-0.034100066
0.0044086134,0.00014832475,-0.0015264178,-0.036321405,-0.10591289,-0.054296844
0.0044462642,-0.00027521811,-0.0017493122,-0.0222519,-0.11475505,-0.083880933
0.0038158309,-0.00023735371,-0.0019448857,-0.031256612,-0.093133806,-0.088663221
0.0044387132,-0.00045843705,-0.0020997726,-0.038423163,-0.096028578,-0.077104522
0.0037505735,-0.00016361725,-0.0020931202,-0.046825445,-0.085262412,-0.099844471
0.0030151099,0.00021044039,-0.0025387737,-0.057359506,-0.076156986,-0.091539034
0.003089624,8.4824309e-05,-0.0023207732,-0.053869394,-0.075007167,-0.12242866
0.0027175033,0.00012451946,-0.002550059,-0.072171822,-0.055093097,-0.092721903
0.0020191785,-0.00043509482,-0.0027986662,-0.037561774,-0.079908406,-0.084061906
0.0023796262,-0.00047548699,-0.0024270056,-0.060286244,-0.0057532029,-0.13040822
0.0019674976,-0.00021527496,-0.0030864763,-0.059447195,-0.012748467,-0.09615149
0.0022223435,-0.00015397333,-0.0032046601,-0.077743362,0.00019111293,-0.13382867
0.0015775491,-6.5920614e-05,-0.0034466789,-0.087404625,-0.009992868,-0.1174344
0.0018122878,-5.9659411e-05,-0.0036398594,-0.089516835,0.0097572521,-0.15370544
0.0015566355,-0.00032443174,-0.0038909384,-0.078047597,0.009992652,-0.13664717
0.001254044,-0.00024950676,-0.0041389402,-0.079825914,0.022478578,-0.14535842
0.00097640548,-6.8526129e-05,-0.0042895565,-0.085286711,0.025519025,-0.15025946
0.0012426772,-0.00056260632,-0.0045624384,-0.075614257,0.035526929,-0.13307238
0.0014558078,-0.0009108134,-0.0043380999,-0.057251882,0.030728966,-0.094455886
0.00074162255,-0.00071691072,-0.0044882238,-0.082659801,0.045313983,-0.14259531
0.0016839003,-0.00072749008,-0.0044494699,-0.074805381,0.0015076621,-0.17359026
0.0013321606,-0.00042868253,-0.0045429451,-0.085486728,0.058993412,-0.17082917
0.00068932062,-0.00048791052,-0.004865784,-0.094633151,0.032510153,-0.13545849
0.0010400153,-0.00051285727,-0.0054772881,-0.11119027,0.055626195,-0.15497152
0.00074362811,-0.00055755606,-0.0057003709,-0.10776413,0.029546924,-0.14962184
0.0013436324,-0.00026965315,-0.0059249439,-0.12354457,0.044743091,-0.17737074
0.0005049401,-0.00017770472,-0.006243714,-0.1270619,0.045533748,-0.13839638
0.0008372917,-0.00010695143,-0.0064073388,-0.12585175,0.061901926,-0.16108966
-0.00081444855,-0.00057806503,-0.0065018624,-0.10428468,0.030561345,-0.10545576
-0.0008720611,-0.00099254502,-0.006481803,-0.1022825,0.048769782,-0.17427969
0.00012898202,-0.00094241055,-0.0071111913,-0.12049513,0.07442842,-0.17220523
-0.00014467056,-0.00097949345,-0.00712169,-0.12500536,0.053020806,-0.17515078
-0.00028633573,-0.0014780886,-0.0083870984,-0.15983459,0.09334457,-0.17442818
-0.00042968138,-0.001741445,-0.0090187114,-0.16264369,0.059302875,-0.16464034
0.00059990597,-0.0018539906,-0.0090855596,-0.16865612,0.078935954,-0.19791354
-3.4434363e-05,-0.0019685414,-0.0094326425,-0.17139684,0.054759703,-0.19675197
-0.00031971742,-0.0016617249,-0.0098650426,-0.18175168,0.069804417,-0.22294632
-0.00066764961,-0.0023040919,-0.0096103119,-0.14775066,0.066882526,-0.15048306
-6.5078996e-05,-0.0025709422,-0.0098786597,-0.15646671,0.092559755,-0.17473073
-0.00069420505,-0.0023375987,-0.010228212,-0.16694089,0.090240413,-0.21200118
-0.00066763914,-0.0021986827,-0.010566884,-0.17778082,0.10881555,-0.24429111
-0.00088060657,-0.0018960701,-0.011001436,-0.18798165,0.092688999,-0.23317862
-0.00081380851,-0.0021346637,-0.011047772,-0.18716615,0.10688784,-0.22581585
-0.0009824521,-0.0019987298,-0.011458507,-0.20039525,0.1007327,-0.21156752
-0.00075597226,-0.0023068224,-0.011523407,-0.21040249,0.10689375,-0.2116125
-0.00081271237,-0.0023851033,-0.011775691,-0.21471697,0.11331653,-0.21889616
-0.00065381456,-0.0021992081,-0.011938903,-0.2235299,0.10862904,-0.21695057
-0.00037826413,-0.0023334327,-0.011923241,-0.21773657,0.097632397,-0.2236309
-0.00025684383,-0.0019684951,-0.012993107,-0.2388812,0.12482587,-0.26477396
-0.001066723,-0.0017606041,-0.013640362,-0.24503298,0.13396614,-0.25426343
-0.0010790284,-0.0021502219,-0.013929935,-0.23497855,0.11844421,-0.28544471
-0.0011718674,-0.0019071815,-0.014305896,-0.25042011,0.15025136,-0.29229966
-0.0010555457,-0.0017150733,-0.014517887,-0.25544909,0.1389053,-0.28000582
-0.0016385086,-0.0018006467,-0.014339152,-0.25082905,0.14318657,-0.26604395
-0.0018236657,-0.0019148529,-0.015086857,-0.26390268,0.15774548,-0.29230789
-0.0012959033,-0.0017477826,-0.015557125,-0.2725795,0.1368616,-0.30358632
-0.0012211423,-0.0016802791,-0.015767908,-0.28391344,0.16199149,-0.28252858
-0.0016916019,-0.0017767671,-0.015737114,-0.26631876,0.14535759,-0.25624111
-0.0019396622,-0.0025346461,-0.015827443,-0.2591383,0.15012929,-0.25672026
-0.0018045413,-0.0023368597,-0.016471763,-0.27378854,0.15091184,-0.29796705
-0.0015951743,-0.0022018068,-0.016424669,-0.27935321,0.16468196,-0.31478018
-0.0023912809,-0.0020816212,-0.01642228,-0.27822338,0.17185907,-0.28459598
-0.0016669717,-0.0024072616,-0.016542196,-0.28261069,0.17680618,-0.32552376
-0.0018565977,-0.0022322248,-0.016724548,-0.28911631,0.17230939,-0.31437324
-0.0022007579,-0.0025395358,-0.016781362,-0.28598126,0.19418927,-0.31675442
-0.0029579722,-0.0023266446,-0.016965121,-0.28349286,0.19558876,-0.30282901
-0.0024592933,-0.0025113358,-0.017086402,-0.28860404,0.22456135,-0.328599
-0.0035759047,-0.0023380279,-0.016755301,-0.2844221,0.22444023,-0.2869063
-0.0036087095,-0.0025175121,-0.016929791,-0.28223534,0.20865546,-0.29943032
-0.002808385,-0.0026836985,-0.017149249,-0.28023615,0.18556592,-0.32695405
-0.0028688883,-0.0025897847,-0.017600991,-0.30333878,0.21462017,-0.34927746
-0.0033841342,-0.0024638282,-0.017580422,-0.29647801,0.21010171,-0.2988374
-0.0028577206,-0.0026879829,-0.017761678,-0.29831575,0.19533469,-0.32638739
-0.0026210362,-0.0032768145,-0.017980851,-0.28180881,0.18924944,-0.33706496
-0.0021279029,-0.0032300138,-0.018230175,-0.2922989,0.20435734,-0.33908363
-0.0027980159,-0.003240572,-0.018535934,-0.29899471,0.2071625,-0.31655118
-0.0024683201,-0.0033904807,-0.018931945,-0.32505026,0.23610224,-0.36420079
-0.0019248769,-0.0036140194,-0.019343479,-0.33150921,0.20050882,-0.33337227
-0.0022243808,-0.0038016817,-0.019094087,-0.30329077,0.23594503,-0.37223181
-0.0024675734,-0.0038687699,-0.018667101,-0.28253627,0.19333357,-0.33520821
-0.0031420122,-0.0040264637,-0.018562938,-0.28360817,0.22987015,-0.34667077
-0.0022718384,-0.004003396,-0.019043981,-0.29728319,0.21472031,-0.35281869
-0.0022894169,-0.004282783,-0.018843027,-0.28708423,0.2117343,-0.36216815
-0.0027118795,-0.0038460597,-0.019278692,-0.31393339,0.25711038,-0.35259656
-0.0026004929,-0.0039309597,-0.019191722,-0.30639427,0.2246818,-0.33863425
-0.0024208435,-0.004043705,-0.019256611,-0.30538926,0.25395372,-0.36799145
-0.0033184417,-0.003995433,-0.019224597,-0.30006887,0.23766509,-0.3340054
-0.0040303135,-0.0047335944,-0.019071689,-0.26392609,0.24191728,-0.33638773
-0.0046428572,-0.0051251541,-0.01885387,-0.26236925,0.29439785,-0.34218812
-0.0048418807,-0.0052254787,-0.018626587,-0.25660234,0.28390007,-0.344553
-0.0036796307,-0.0050717259,-0.01927976,-0.29244232,0.28285681,-0.3607806
-0.0029328785,-0.004764838,-0.019677473,-0.30496581,0.23986608,-0.37438244
-0.0027876389,-0.0047550559,-0.019832684,-0.31106473,0.24778171,-0.38022307
-0.0039810566,-0.0042592688,-0.019890796,-0.32473082,0.27477674,-0.36526591
-0.0036322174,-0.0042887485,-0.020291248,-0.33528901,0.26392434,-0.38607914
-0.0037810338,-0.0044145863,-0.020422419,-0.33483266,0.28588699,-0.39916409
-0.0037710472,-0.0045573649,-0.020305232,-0.32816756,0.2928844,-0.38142849
-0.0045613532,-0.0047213328,-0.020372432,-0.31038824,0.27132517,-0.3761772
-0.0043232779,-0.0047592837,-0.02036367,-0.30920889,0.28821845,-0.41632416
-0.0040945837,-0.0044491435,-0.020577596,-0.33016239,0.28211428,-0.42702093
-0.0038378088,-0.0046219288,-0.020738216,-0.32834953,0.27842453,-0.43087748
-0.0043731403,-0.0043778991,-0.020759478,-0.34093792,0.29271886,-0.43743106
-0.0046260451,-0.0045948155,-0.020927734,-0.34189884,0.31125033,-0.42884799
-0.0038442391,-0.0050020203,-0.021280891,-0.35286743,0.32203045,-0.47307528
-0.004857983,-0.0049668617,-0.021396939,-0.35696142,0.32758324,-0.40969111
-0.0040555833,-0.0057242926,-0.021590719,-0.3446864,0.31198308,-0.44608031
-0.0036422422,-0.006340411,-0.021244593,-0.32716103,0.3009096,-0.44161218
-0.0045695083,-0.0059822556,-0.02021461,-0.31086195,0.26810695,-0.42382655
-0.0044499107,-0.0066166988,-0.020093906,-0.30577078,0.31015635,-0.46545367
-0.0045277511,-0.0066622355,-0.020608307,-0.30759355,0.30478234,-0.4623873
-0.0041983385,-0.0067684084,-0.020760761,-0.32251163,0.32517872,-0.45740514
-0.0049624134,-0.0063839985,-0.02103959,-0.33543514,0.31292776,-0.46263434
-0.0052881015,-0.0060449562,-0.020810919,-0.33319314,0.3361958,-0.47029615
-0.0054994508,-0.0064086575,-0.021016534,-0.32358506,0.35136219,-0.4709088
-0.0047570308,-0.0063258892,-0.021161116,-0.33259244,0.36453185,-0.47219194
-0.0069230076,-0.0071909522,-0.021017508,-0.27016259,0.28820387,-0.42116958
-0.0060341589,-0.0080012406,-0.020744694,-0.25403917,0.35700203,-0.52146625
-0.005523297,-0.0071661525,-0.021049184,-0.30498858,0.38256668,-0.48158955
-0.0056987827,-0.0074090707,-0.021799244,-0.32809015,0.38573935,-0.49676118
-0.0063754602,-0.0069646592,-0.021939178,-0.34339025,0.38921731,-0.45679973
-0.0059866371,-0.0073578934,-0.022090345,-0.33983104,0.39855194,-0.48418106
-0.0056986196,-0.0071221224,-0.022382535,-0.34596648,0.37950042,-0.46414113
-0.0062474284,-0.0072672025,-0.022104611,-0.33349329,0.38084571,-0.47769581
-0.0067456335,-0.0069503736,-0.022348177,-0.34535723,0.40244129,-0.45473654
-0.0070316941,-0.0080821777,-0.02066018,-0.28614615,0.37141068,-0.43799751
-0.0079998946,-0.0087969391,-0.019283124,-0.23111419,0.33201057,-0.46008598
-0.0073438416,-0.0085356783,-0.020146153,-0.27320272,0.42718959,-0.52604312
-0.0071477628,-0.0083630279,-0.02061975,-0.28457124,0.41867869,-0.51205755
-0.0067716122,-0.00815724,-0.02098136,-0.30606336,0.41350891,-0.53415563
-0.0067763911,-0.0076982088,-0.021116861,-0.31044464,0.39720543,-0.50492201
-0.0068046109,-0.0075538986,-0.021443355,-0.33520775,0.41286834,-0.55673893
-0.0072104117,-0.0075042282,-0.021342295,-0.32680386,0.40258871,-0.52500129
-0.007573974,-0.0077661068,-0.02115922,-0.31606717,0.40264626,-0.51596798
-0.0084675248,-0.0072976631,-0.021232213,-0.32090703,0.42977498,-0.48301641
-0.0088310145,-0.0072590132,-0.021124137,-0.31459706,0.45847434,-0.49401072
-0.0093343175,-0.0072037092,-0.021485511,-0.3272587,0.45290569,-0.47566393
-0.0098201723,-0.0074595629,-0.021612484,-0.32847039,0.44712724,-0.49992276
-0.0094137578,-0.0072440694,-0.021699265,-0.34711265,0.45166852,-0.50704713
-0.0090743238,-0.0075387935,-0.02173599,-0.33819504,0.4426649,-0.52184673
-0.0088140261,-0.0074669666,-0.022140894,-0.34547823,0.44495898,-0.52855121
-0.009339312,-0.0077115517,-0.022475184,-0.3647152,0.46799093,-0.54653124
-0.0099837397,-0.0080270464,-0.023063891,-0.37480374,0.46885086,-0.51479927
-0.0093695392,-0.0082704141,-0.023509094,-0.38201777,0.49034245,-0.5518599
-0.011347417,-0.0077551036,-0.023270098,-0.3804473,0.5222219,-0.48563772
-0.010758361,-0.0077152616,-0.02355386,-0.39135717,0.5397829,-0.51980926
-0.010155301,-0.0080290613,-0.02336087,-0.37971109,0.49848957,-0.50133442
-0.010346268,-0.0080915375,-0.023399366,-0.38726122,0.50591242,-0.55541312
-0.010807859,-0.0081248587,-0.023351612,-0.38472034,0.48285438,-0.50724007
-0.010618912,-0.0080369395,-0.023722603,-0.40114357,0.51004713,-0.56103438
-0.010700582,-0.0078948313,-0.023747473,-0.39609705,0.50281446,-0.52303166
-0.0099585822,-0.008010227,-0.023753511,-0.39656986,0.51112056,-0.59842852
-0.010412998,-0.0082667273,-0.023611587,-0.36968703,0.45457169,-0.47117143
-0.0085791374,-0.0093622902,-0.023998683,-0.35827583,0.43487954,-0.64112035
-0.0016031381,-0.0087018159,-0.023901754,-0.22744836,-0.05936598,-0.28804903
-0.0040968139,-0.0075343591,-0.017075706,-0.15119213,0.17897058,-0.45065769
-0.0052612888,-0.010323892,-0.01845145,-0.19811118,0.35410228,-0.5894699
-0.006309736,-0.0093114256,-0.020003284,-0.24051314,0.38938998,-0.55726231
-0.0052326865,-0.0086771019,-0.020938269,-0.2863084,0.40214412,-0.67142595
-0.0073017569,-0.0082827115,-0.020540199,-0.26810292,0.399845,-0.57696474
-0.0069666119,-0.0085838425,-0.021125337,-0.30208077,0.41545049,-0.60043859
-0.0082015897,-0.0094610738,-0.021278834,-0.25498684,0.37698428,-0.53949419
-0.0082084149,-0.010139077,-0.02146542,-0.25824411,0.46381205,-0.65081846
-0.0095953932,-0.010020646,-0.021589905,-0.27367315,0.45534003,-0.57190471
-0.010427215,-0.010143148,-0.021444521,-0.27992869,0.51240954,-0.59859911
-0.0097209078,-0.0098415002,-0.021472153,-0.28771916,0.48284936,-0.59344967
-0.0096074881,-0.01037513,-0.021944886,-0.28835245,0.46125415,-0.63129793
-0.010204359,-0.010424882,-0.022035113,-0.2964977,0.48280143,-0.63585304
-0.010208163,-0.01036761,-0.022632687,-0.32706609,0.49906576,-0.65705909
-0.010446797,-0.01024039,-0.022702412,-0.32820889,0.48670623,-0.6359009
-0.011445332,-0.01020138,-0.022729466,-0.33681328,0.51955164,-0.65329835
-0.011930599,-0.0099826123,-0.022912769,-0.34278524,0.51547345,-0.62696607
-0.011184746,-0.010360949,-0.023359678,-0.34911731,0.52933299,-0.69082413
-0.01305155,-0.0095153548,-0.023896004,-0.36341668,0.56472317,-0.54219727
-0.012603129,-0.0098855808,-0.023643005,-0.35655755,0.55471327,-0.51065165
-0.01197528,-0.010710359,-0.02378269,-0.33617393,0.54589411,-0.59022
-0.012049755,-0.010648184,-0.02393024,-0.36207424,0.51761475,-0.67862166
-0.012384059,-0.010631602,-0.024293096,-0.35864834,0.51189975,-0.66526291
-0.013026466,-0.0105893,-0.023985855,-0.36128972,0.5306078,-0.6158007
-0.012763168,-0.010775861,-0.024025388,-0.34780286,0.54569053,-0.65301312
-0.014232289,-0.010898786,-0.023896276,-0.35092634,0.57138354,-0.58118659
-0.01418181,-0.011082621,-0.023676396,-0.32060066,0.57024389,-0.61943803
-0.013837071,-0.01057084,-0.023506285,-0.28934492,0.5471795,-0.61529693
-0.015052491,-0.011988206,-0.019414433,-0.18448315,0.44945648,-0.28164026
-0.013616457,-0.012097417,-0.018176779,-0.19304671,0.51827589,-0.46625739
-0.013765749,-0.011358116,-0.016830887,-0.19778321,0.51938355,-0.46351735
-0.012216729,-0.010770192,-0.017546879,-0.20883827,0.51283866,-0.51215213
-0.013843887,-0.011130324,-0.018823902,-0.23484436,0.52460242,-0.51137942
-0.013728909,-0.010994132,-0.019546298,-0.25820097,0.54356567,-0.51742891
-0.014347094,-0.010784597,-0.020427367,-0.28767988,0.55216054,-0.49932765
-0.014699747,-0.010947988,-0.020681975,-0.28953419,0.56246878,-0.50162135
-0.014979227,-0.010947462,-0.021039371,-0.29234291,0.55009115,-0.52116075
-0.01481347,-0.010849198,-0.021288674,-0.30160556,0.56226144,-0.52113346
-0.014572346,-0.010644645,-0.020833311,-0.290893,0.54798238,-0.52274032
-0.015390898,-0.011698561,-0.020402735,-0.23391957,0.49050965,-0.46507954
-0.013778479,-0.012036207,-0.019773669,-0.22534923,0.51854726,-0.5514726
-0.014710299,-0.011788836,-0.019813166,-0.24911828,0.55651343,-0.56100873
-0.015584266,-0.011645145,-0.020649867,-0.2699637,0.58688038,-0.55147734
-0.015064602,-0.011823053,-0.020902863,-0.27252843,0.57066951,-0.52804406
-0.017105003,-0.011525142,-0.021050832,-0.27948292,0.60692831,-0.51451134
-0.017231698,-0.011934602,-0.021361116,-0.27673887,0.61762995,-0.53714903
-0.016733055,-0.012498427,-0.021872012,-0.29062248,0.6095473,-0.52117664
-0.017046426,-0.012200978,-0.021807627,-0.29398825,0.61034938,-0.51320978
-0.016860678,-0.0121949,-0.021915708,-0.30426368,0.61400719,-0.52247572
-0.016978525,-0.012290145,-0.022038744,-0.30460739,0.61159817,-0.52996697
-0.016393715,-0.012535718,-0.022451666,-0.30652939,0.61263268,-0.5548239
-0.016322088,-0.012568495,-0.022613836,-0.31970712,0.58864133,-0.56816012
-0.01690486,-0.012651422,-0.022673487,-0.32219501,0.60575242,-0.56528975
-0.016260502,-0.012606461,-0.022989931,-0.32103651,0.57373099,-0.5820469
-0.016856391,-0.012779902,-0.023224252,-0.32394656,0.58340498,-0.59198527
-0.016746224,-0.012632102,-0.023421539,-0.32555626,0.60356643,-0.62164617
-0.016293717,-0.012907941,-0.023575109,-0.32195844,0.58546375,-0.59902595
-0.0160469,-0.013071064,-0.023701784,-0.31817169,0.57198688,-0.62768167
-0.016000019,-0.013558923,-0.023919098,-0.30439533,0.57729827,-0.62325707
-0.015773801,-0.013484065,-0.024175562,-0.32109255,0.59446835,-0.64469256
-0.016772242,-0.013304911,-0.024213645,-0.31522315,0.60631144,-0.6392758
-0.01634931,-0.013711453,-0.024076605,-0.29637064,0.61794867,-0.66990094
-0.0172506,-0.013306114,-0.024104218,-0.31826687,0.62554813,-0.66496232
-0.016790992,-0.013851323,-0.02425433,-0.31523215,0.63010998,-0.64846664
-0.017918254,-0.013681089,-0.024279737,-0.33064571,0.64714551,-0.62657191
-0.017635998,-0.013694649,-0.024049675,-0.32360676,0.63613352,-0.61562795
-0.017277408,-0.01363042,-0.02395397,-0.32596695,0.62737894,-0.62599209
-0.017281993,-0.013909666,-0.024126339,-0.31909247,0.63742776,-0.63342228
-0.018444826,-0.013388759,-0.024181237,-0.32372763,0.662648,-0.61000933
-0.018014861,-0.013511597,-0.02428912,-0.32786449,0.66220926,-0.6221166
-0.017401565,-0.013681119,-0.02456923,-0.33330308,0.65703725,-0.66397983
-0.017482567,-0.014209962,-0.024626196,-0.32314438,0.62676566,-0.65634575
-0.018217052,-0.013772612,-0.024751638,-0.34397734,0.63871675,-0.65115469
-0.017396937,-0.014016845,-0.024946431,-0.33659869,0.62425458,-0.66771858
-0.018082272,-0.013942799,-0.024643706,-0.3264786,0.66553678,-0.67882959
-0.017878098,-0.013782111,-0.02521547,-0.34007466,0.67442468,-0.69848138
-0.018457642,-0.013999523,-0.02544332,-0.33236429,0.6789316,-0.66377518
-0.018110939,-0.01436114,-0.025554243,-0.32793886,0.69953237,-0.69914655
-0.018757125,-0.014633284,-0.025535936,-0.32944413,0.70356058,-0.66867598
-0.018814863,-0.014901023,-0.025673257,-0.3209369,0.67386121,-0.57129215
-0.01932593,-0.014848235,-0.025266608,-0.31241527,0.68882498,-0.59208303
-0.019983016,-0.014902302,-0.025982632,-0.33289354,0.76835423,-0.58310033
-0.02089382,-0.014603436,-0.025947627,-0.32458478,0.75762149,-0.53051208
-0.020496305,-0.01476375,-0.026442032,-0.34603632,0.78749656,-0.56519213
-0.020897053,-0.014658676,-0.026596382,-0.35129716,0.76406743,-0.51883603
-0.021593555,-0.015143098,-0.026430131,-0.33705345,0.76549935,-0.49816203
-0.021394542,-0.015253884,-0.027055124,-0.35407155,0.78671261,-0.55711141
-0.022160804,-0.014788922,-0.027244203,-0.3676389,0.80517591,-0.5243591
-0.022993178,-0.014457271,-0.027090132,-0.36099415,0.81764847,-0.48905919
-0.02186577,-0.014969764,-0.027436403,-0.38199492,0.82293206,-0.53709156
-0.021495527,-0.015130245,-0.027369976,-0.35447735,0.76775529,-0.54496705
-0.020998016,-0.015368012,-0.027662041,-0.3697572,0.77833655,-0.56234396
-0.020929165,-0.015384994,-0.027729218,-0.37563755,0.80205067,-0.56953832
-0.020799001,-0.015412312,-0.027729526,-0.36731765,0.78836707,-0.57868202
-0.020905159,-0.015360219,-0.028040179,-0.38077179,0.80838229,-0.59797999
-0.020597874,-0.015627887,-0.028186374,-0.37914241,0.80460712,-0.57187722
-0.020919019,-0.015534525,-0.028504022,-0.39399141,0.8131931,-0.5738
-0.021553123,-0.015444754,-0.028586097,-0.38790312,0.82728446,-0.54731958
-0.021176571,-0.015748593,-0.029202891,-0.39908363,0.84067932,-0.59293067
-0.020896089,-0.015945199,-0.029365676,-0.39589453,0.81242164,-0.59619626
-0.021153404,-0.015926507,-0.029489786,-0.39858266,0.80670087,-0.62487272
-0.021539156,-0.015967579,-0.029486221,-0.40470399,0.82435554,-0.59538791
-0.022259422,-0.015808406,-0.029673125,-0.41374206,0.87798376,-0.62089798
-0.022705681,-0.015920421,-0.029592157,-0.39726756,0.88641921,-0.58232208
-0.023044715,-0.015703439,-0.029800699,-0.40013558,0.89280067,-0.63937621
-0.023413073,-0.016177981,-0.029817197,-0.39674451,0.89605707,-0.57684993
-0.023053827,-0.015467951,-0.02984127,-0.42208523,0.89763314,-0.71106972
-0.019890805,-0.01690063,-0.030098574,-0.40689832,0.74475486,-0.88968857
-0.023480798,-0.017803338,-0.029546686,-0.44446134,0.82939981,0.16205369
-0.023814708,-0.017251636,-0.029277239,-0.43761535,0.89547645,0.02734147
-0.024902392,-0.017926378,-0.029861836,-0.46106285,0.95578859,0.05466501
-0.024248776,-0.018064969,-0.030372462,-0.46448608,0.96574801,-0.0059961414
-0.024183316,-0.017807131,-0.030615685,-0.4766064,0.98872341,-0.00067292409
-0.02441552,-0.018111652,-0.030612593,-0.45898187,0.99966956,0.0069434709
-0.025459418,-0.017952063,-0.030927074,-0.48056056,1.0414374,0.029925284
-0.025379899,-0.018291595,-0.030869554,-0.47320516,1.0351575,0.031643708
-0.025580298,-0.018550277,-0.031280186,-0.48144364,1.0559334,0.052396086
-0.025791411,-0.018311137,-0.031446214,-0.49555339,1.0790763,0.032076207
-0.025351186,-0.018577004,-0.031582847,-0.49524924,1.0888552,0.036261586
-0.026008519,-0.018478527,-0.031525931,-0.49257337,1.087427,0.0097302906
-0.025304926,-0.018942522,-0.031766745,-0.4921356,1.0865751,0.0013702996
-0.024722436,-0.019236497,-0.031866379,-0.50044999,1.0848244,-0.0067096783
-0.026330343,-0.019185415,-0.03170164,-0.5109236,1.1006272,0.035017249
-0.026279347,-0.019214951,-0.031782635,-0.50698252,1.0963472,0.037045783
-0.02582233,-0.019414202,-0.032029877,-0.52274019,1.1105244,0.024533676
-0.025616967,-0.019434013,-0.031818929,-0.51476487,1.0960693,0.098080747
-0.02618253,-0.019120699,-0.03185263,-0.50896804,1.0974055,0.14362302
-0.026179464,-0.019532342,-0.032114885,-0.50553842,1.1006178,0.07212561
-0.026705391,-0.019537187,-0.032103689,-0.51126352,1.1385891,0.057484445
-0.026981555,-0.019359574,-0.032082868,-0.51188233,1.1540708,0.032622504
-0.027459049,-0.019358509,-0.032140935,-0.51309094,1.1708481,0.054225713
-0.026390134,-0.019499693,-0.032272969,-0.52876256,1.1603691,0.032486923
-0.027514462,-0.019652577,-0.032311713,-0.52700259,1.1761476,0.047208907
-0.028625994,-0.01967437,-0.032130671,-0.51015655,1.1622148,0.060372068
-0.028179204,-0.019720944,-0.032472278,-0.50949516,1.1635356,0.033753706
-0.027749344,-0.019809998,-0.032106053,-0.5072735,1.1396105,0.097019591
-0.028387806,-0.020000465,-0.03209857,-0.50802324,1.1807573,0.065976405
-0.028483747,-0.019868811,-0.031961881,-0.50188203,1.1880844,0.066193201
-0.02893845,-0.020154809,-0.032186926,-0.50435788,1.2017976,0.057603823
-0.027993055,-0.019804671,-0.031914041,-0.5092104,1.1877584,0.026153137
-0.029509305,-0.019505303,-0.031338425,-0.4972484,1.1819054,0.077071871
-0.028224839,-0.019941925,-0.032150486,-0.51387666,1.1959575,0.058086461
-0.029320517,-0.019946591,-0.032139488,-0.52473058,1.2143126,0.059323985
-0.026199661,-0.020354792,-0.032800794,-0.51778008,1.134902,0.01319029
-0.021124288,-0.020812542,-0.029566407,-0.34258715,0.83290223,-0.18530553
-0.020268636,-0.019227116,-0.026900461,-0.36195169,0.9251387,-0.19523628
-0.017544647,-0.019492906,-0.027291026,-0.37263542,0.84782518,-0.1500251
-0.019962971,-0.020514016,-0.028882285,-0.40336779,0.99229486,-0.22786568
-0.019645137,-0.020882462,-0.030306998,-0.43376719,1.0231496,-0.20815071
-0.020210372,-0.020824695,-0.030851963,-0.459546,1.051807,-0.21244835
-0.02041334,-0.021488413,-0.031365849,-0.45364094,1.025316,-0.15833375
-0.02108044,-0.021269877,-0.031604235,-0.4683733,1.0489781,-0.2086525
-0.021855723,-0.020694862,-0.031563261,-0.46542437,1.0322642,-0.16264494
-0.022114631,-0.02032281,-0.031622123,-0.4801803,1.0577173,-0.19158474
-0.021769371,-0.020511512,-0.03062129,-0.45803616,1.0112036,-0.14900958
-0.021135268,-0.021037853,-0.030477617,-0.42527208,0.96011434,-0.18050645
-0.020229626,-0.021549741,-0.030929762,-0.44045768,0.98687248,-0.23924899
-0.020874248,-0.02150608,-0.031793955,-0.45877239,1.0085689,-0.26823467
-0.021630171,-0.021745479,-0.032442934,-0.47770557,1.047727,-0.20002938
-0.022133388,-0.021999371,-0.03255782,-0.47004726,1.0524491,-0.18549813
-0.021397249,-0.022123813,-0.0325726,-0.48448747,1.0758884,-0.19371728
-0.022369728,-0.021775668,-0.032368257,-0.48241526,1.0794292,-0.18549582
-0.022344698,-0.02139074,-0.032590927,-0.49639775,1.1102848,-0.178023
-0.022620221,-0.021447436,-0.032514535,-0.49122759,1.1065403,-0.1755417
-0.023843171,-0.021873491,-0.032429585,-0.49133153,1.1427926,-0.14907977
-0.024108952,-0.022100551,-0.032341852,-0.48582401,1.1321012,-0.14527116
-0.023890086,-0.022032311,-0.032790702,-0.49751718,1.1233023,-0.15999916
-0.023920739,-0.022215391,-0.032738424,-0.4846839,1.117308,-0.15670227
-0.023694064,-0.022272448,-0.033036875,-0.5012862,1.1204546,-0.17275414
-0.024175102,-0.021904421,-0.033134327,-0.50927233,1.1269318,-0.17490585
-0.023614255,-0.022066437,-0.033310737,-0.51050992,1.1273997,-0.18739363
-0.02338061,-0.021844923,-0.033519353,-0.51189061,1.1171126,-0.21332649
-0.024850386,-0.021771429,-0.033446844,-0.48622028,1.1066843,-0.085413187
-0.024216823,-0.021952118,-0.033103479,-0.47530458,1.1295244,-0.14585256
-0.022917752,-0.022309663,-0.033343414,-0.4737897,1.1122741,-0.20286098
-0.023892424,-0.022088207,-0.033296753,-0.48630817,1.1166777,-0.17247861
-0.023632096,-0.022171452,-0.033766544,-0.50029361,1.1194775,-0.1706125
-0.023681825,-0.022067527,-0.033836612,-0.4997556,1.1213015,-0.19217786
-0.023392388,-0.022086895,-0.033934634,-0.51153544,1.1312266,-0.18215141
-0.02352956,-0.021989539,-0.034011823,-0.51047522,1.1045376,-0.16261047
-0.023706088,-0.02218104,-0.034154481,-0.5153387,1.1244281,-0.16958081
-0.024524109,-0.021970191,-0.034108394,-0.49625454,1.1047618,-0.15407671
-0.024606192,-0.022116374,-0.033962769,-0.49149058,1.1188571,-0.16620018
-0.02474074,-0.021479332,-0.033715472,-0.4956452,1.1021587,-0.17999918
-0.023971496,-0.021625151,-0.034039568,-0.51548222,1.130692,-0.20368056
-0.023715315,-0.021644608,-0.033585763,-0.50136702,1.0748267,-0.2363985
-0.024274672,-0.021761185,-0.033648321,-0.49358983,1.1182348,-0.24461811
-0.021680997,-0.02112449,-0.031574329,-0.46472854,0.98594628,-0.1912608
-0.020995525,-0.021384764,-0.030678324,-0.42566507,0.92397102,-0.11624211
-0.024254339,-0.021769102,-0.031343107,-0.44982006,1.011864,-0.017909956
-0.023103437,-0.021243093,-0.030044786,-0.44275601,0.98342029,0.12002694
-0.023894879,-0.020337172,-0.030252399,-0.45161231,0.98685802,0.19665098
-0.02356211,-0.020661459,-0.031243305,-0.44926229,0.97945245,0.16832874
-0.02274889,-0.020888705,-0.031842735,-0.46056482,1.0035059,0.050612694
-0.022893858,-0.018433588,-0.031217425,-0.52767332,0.90939487,0.24211066
0,-6.9388939e-18,0,0,0,-7.1054274e-15
0.0049191469,0.00015173384,9.3142658e-05,0.0074204362,0.059207072,-0.10548844
-0.0024852111,0.0011082228,-0.0017224781,-0.073618164,0.12399489,-0.022759199
-0.006267763,0.00099806062,-0.0024309259,-0.074096553,0.15080655,0.033792931
-0.0071054542,0.0019782745,-0.0022175708,-0.115913,0.16930821,0.049566756
-0.0071152324,0.0034296192,-0.0018573367,-0.1479569,0.12271514,0.19141555
-0.0085098531,0.0022139809,-0.0022700123,-0.10242485,0.16772574,0.11760327
-0.0088675471,0.0026292111,-0.0024959394,-0.11892594,0.16153165,0.11728369
-0.0088453337,0.0016278016,-0.0016881012,-0.058119742,0.21221858,0.018819619
-0.010633028,0.0018289881,-0.0021719017,-0.074815282,0.21986464,-0.023106948
-0.010687896,0.0014440147,-0.0027210259,-0.083353612,0.21798252,0.011385849
-0.010075099,0.0022672958,-0.0024114686,-0.094202222,0.19951177,0.00071970947
-0.010403363,0.0023837352,-0.0023948814,-0.091114469,0.22757914,0.015515326
-0.010195239,0.0026044207,-0.0023673398,-0.084117131,0.22128345,0.013202394
-0.010738535,0.0028246896,-0.0024838553,-0.06964175,0.21619158,0.026814028
-0.010848126,0.0025945292,-0.0023020892,-0.076518142,0.24927475,0.010195828
-0.01129067,0.0026933262,-0.0025741875,-0.092107,0.25555477,0.029536135
-0.011728721,0.0021401541,-0.0027808834,-0.075594871,0.21985537,0.074349661
-0.010757195,0.0020626686,-0.0031529065,-0.072386758,0.24197883,0.075196924
-0.010793563,0.0020204903,-0.0032157485,-0.099167174,0.27273386,0.0064599007
-0.010439776,0.0018827174,-0.0032993166,-0.092110612,0.28021022,0.010646255
-0.0097242449,0.0021952084,-0.0032828661,-0.10452336,0.33410276,-0.013366321
-0.010631947,0.0020652875,-0.0037632569,-0.097390485,0.28893329,-0.021016345
-0.010304348,0.0021100292,-0.0038710148,-0.098239813,0.29209066,-0.052489853
-0.010981456,0.0023533306,-0.0040203314,-0.10738384,0.29617789,-0.008625952
-0.010763625,0.0020839327,-0.0045259657,-0.10733704,0.29173356,-0.018962318
-0.010553797,0.0021196142,-0.0043577832,-0.10996616,0.31006824,-0.02643316
-0.010253321,0.0021222393,-0.0046300234,-0.11039599,0.28274766,-0.042260214
-0.010132517,0.0018612161,-0.0049244301,-0.12397351,0.29702378,-0.051991728
-0.0090121096,0.0019607736,-0.0045493156,-0.1120048,0.29561312,-0.090714788
-0.0095887946,0.0019195009,-0.0047001107,-0.11164108,0.28392402,-0.086660232
-0.01023313,0.0021334522,-0.0047945629,-0.12608011,0.32180081,-0.094204097
-0.01073455,0.0021194034,-0.0048238247,-0.1190987,0.3177322,-0.065156863
-0.010683273,0.0023418496,-0.0050483027,-0.13438982,0.3628472,-0.084285175
-0.011203298,0.0021962233,-0.0049045906,-0.11887058,0.32610295,-0.041407329
-0.011269869,0.0024230879,-0.0050740281,-0.13652389,0.37374828,-0.090782723
-0.011172073,0.0023240134,-0.0049469708,-0.1308591,0.30672635,0.012361301
-0.0099269289,0.0019882175,-0.0046180615,-0.091427623,0.29526957,0.053769771
-0.010415797,0.0021245044,-0.0051843262,-0.12167848,0.37045388,-0.098345425
-0.011485566,0.0019927724,-0.0053391154,-0.14168946,0.35104418,-0.11114972
-0.010932816,0.0022417885,-0.0053242818,-0.13490075,0.37958912,-0.15022132
-0.010951466,0.0023747789,-0.0053332955,-0.13196521,0.34777996,-0.12262484
-0.010710518,0.0024355042,-0.0056536647,-0.14596927,0.38842199,-0.13393376
-0.010613444,0.0026807682,-0.0058656335,-0.14363362,0.3736542,-0.11138659
-0.010950848,0.0025985501,-0.0060514926,-0.16429107,0.41339471,-0.11971063
-0.010371488,0.0027128888,-0.0061829607,-0.15416248,0.37956267,-0.1010692
-0.010306985,0.0022451518,-0.0061811335,-0.11749405,0.35401646,-0.084072045
-0.011275318,0.0021206017,-0.0064474972,-0.16473005,0.41111882,-0.11750265
-0.010776059,0.0021007633,-0.0064166123,-0.13186775,0.3754141,-0.13731966
-0.011206829,0.0025142153,-0.0066435121,-0.16049904,0.39728445,-0.16314185
-0.011128472,0.002545639,-0.0068025566,-0.16820828,0.40566789,-0.16843426
-0.011032543,0.0025138836,-0.0068744608,-0.1792709,0.41536669,-0.17991317
-0.010611492,0.0025841061,-0.0072709882,-0.1993878,0.42443173,-0.1861219
-0.010909558,0.0024868121,-0.0074440776,-0.21227607,0.41338165,-0.1780755
-0.01006121,0.0027962914,-0.0077158406,-0.21587432,0.44033703,-0.198828
-0.0089887558,0.0026131983,-0.0076449131,-0.18576295,0.39756067,-0.15751602
-0.0083467382,0.0022309971,-0.0076517232,-0.17993512,0.39876564,-0.17906379
-0.0092796909,0.0026696195,-0.0076784833,-0.18653586,0.42015053,-0.19474838
-0.0081093964,0.0024543839,-0.0078757042,-0.1906749,0.41489517,-0.22549531
-0.0071708027,0.0033718686,-0.0074674777,-0.19853258,0.38439164,-0.25645937
-0.0061504965,0.0045867036,-0.0065842902,-0.19168752,0.33360591,-0.12841751
-0.0061575186,0.0041365409,-0.006660093,-0.15301281,0.34585041,-0.15928444
-0.0056509487,0.0042291677,-0.0065011817,-0.14474158,0.35458163,-0.18677497
-0.006149799,0.0043357717,-0.0061532127,-0.13349665,0.36647291,-0.20813252
-0.0064537174,0.0044785627,-0.0063572373,-0.14423432,0.39685224,-0.21188686
-0.0058036849,0.0039291417,-0.0058647881,-0.15000461,0.36139082,-0.21107507
-0.0062120445,0.0034276021,-0.0052987038,-0.13483523,0.34295203,-0.18362449
-0.0057496923,0.0037325395,-0.0053031749,-0.12505497,0.34899109,-0.20075061
-0.0055660271,0.0033611219,-0.0060009628,-0.15059471,0.35920428,-0.22499705
-0.006680302,0.0033018136,-0.0068426592,-0.17541465,0.37662449,-0.20349103
-0.0065611784,0.0033840812,-0.0073094661,-0.1999933,0.40488095,-0.21356953
-0.006748806,0.0032596077,-0.0077354738,-0.20135182,0.40255215,-0.20280538
-0.0064497321,0.0033224838,-0.008120635,-0.22212107,0.42267819,-0.22451214
-0.0071997274,0.0035020535,-0.0080811236,-0.21982101,0.42582154,-0.20094345
-0.0072405955,0.0036214073,-0.0078486178,-0.21118261,0.46139425,-0.21562059
-0.0063633453,0.0034851434,-0.0081907477,-0.21649171,0.42760846,-0.21509348
-0.0074364256,0.0026544297,-0.0083175511,-0.16525763,0.37806592,-0.17847437
-0.00656875,0.0031776745,-0.0081139576,-0.1821819,0.43285769,-0.24823086
-0.0063593061,0.003681734,-0.008390909,-0.20522807,0.41634751,-0.24086526
-0.0063169585,0.0035468234,-0.0084315527,-0.20363422,0.43721695,-0.25841942
-0.0066495189,0.0036143907,-0.0086246744,-0.2219097,0.42714295,-0.25474778
-0.006780138,0.0035133197,-0.0086204725,-0.20373758,0.45795156,-0.2515887
-0.0064909954,0.0037843447,-0.0087497704,-0.22313048,0.46757304,-0.25044333
-0.0078575871,0.0038054816,-0.0084367489,-0.20222983,0.47578291,-0.20308752
-0.0072863108,0.0037927297,-0.0084575404,-0.21326188,0.48108054,-0.23714682
-0.0071460286,0.0032760531,-0.008399003,-0.18504841,0.43407693,-0.22190965
-0.0072314003,0.0032113917,-0.0086673534,-0.21355501,0.45958098,-0.2654739
-0.0063372883,0.0036792507,-0.0090767432,-0.23077898,0.45169564,-0.30351073
-0.0062303155,0.0036027148,-0.0089476986,-0.22672208,0.43024446,-0.28274589
-0.0062252662,0.0036530865,-0.0090683934,-0.24140188,0.44419722,-0.29985341
-0.0067575014,0.0035144899,-0.0090165895,-0.22588901,0.45986407,-0.27868336
-0.0064755229,0.0041520752,-0.0090336851,-0.24259931,0.4831149,-0.30239211
-0.0069045602,0.0044206274,-0.0088580469,-0.22864465,0.49519604,-0.26349608
-0.006921156,0.0042500709,-0.0085516267,-0.20864546,0.49762952,-0.26733672
-0.0058484286,0.0040615146,-0.0087700902,-0.21974903,0.49173524,-0.28269211
-0.006532866,0.0035923552,-0.0092275303,-0.21063852,0.46665435,-0.28050946
-0.0067209942,0.0036885881,-0.0095092845,-0.23073517,0.46706786,-0.2871755
-0.0063088213,0.003748064,-0.0094785341,-0.24588632,0.47820409,-0.29595257
-0.0061634565,0.0039611709,-0.0095136207,-0.25428443,0.47374253,-0.30810164
-0.0062357884,0.0039172708,-0.0094705653,-0.24882547,0.48927631,-0.32256605
-0.0057492162,0.0042912915,-0.0093012181,-0.243056,0.48861073,-0.31264902
-0.0059965485,0.0041138171,-0.0095611624,-0.26300619,0.50079988,-0.30769575
-0.0078381373,0.0040740653,-0.0093613293,-0.23752746,0.51654572,-0.23227336
-0.0075565271,0.0038016531,-0.0096083457,-0.26709267,0.56266131,-0.27225864
-0.0068387965,0.0036953684,-0.0097545967,-0.23192271,0.49876508,-0.22968715
-0.0074867325,0.0035537949,-0.0099114725,-0.22232416,0.49979715,-0.25526035
-0.0064362844,0.0039137535,-0.010098682,-0.26738851,0.49333161,-0.29698385
-0.0066766662,0.0036198198,-0.010110603,-0.2539302,0.50159124,-0.30387982
-0.0059615185,0.0040542198,-0.010124871,-0.26257743,0.51131455,-0.33963014
-0.0066308353,0.0039978425,-0.010186797,-0.23757829,0.5114097,-0.31250708
-0.006198308,0.0041471219,-0.010310659,-0.26313627,0.53795528,-0.32774786
-0.0070106651,0.0036667401,-0.010098773,-0.22434956,0.52650467,-0.3141767
-0.0070698592,0.004587337,-0.010817318,-0.2516651,0.53510689,-0.26934547
-0.0060732328,0.005773055,-0.010262827,-0.26448416,0.45695968,-0.27043123
-0.006723002,0.0048955311,-0.0097775611,-0.21151474,0.49532514,-0.31930549
-0.0066731987,0.0048886699,-0.010114463,-0.23134064,0.51543552,-0.3304626
-0.0065953568,0.0045994009,-0.010220469,-0.22598328,0.5295697,-0.36003017
-0.006479177,0.0047925759,-0.010320721,-0.246363,0.53910311,-0.34126453
-0.0063598418,0.0047814908,-0.010416874,-0.25090399,0.54353434,-0.34792594
-0.0069526333,0.0049091976,-0.010955784,-0.26279495,0.55394632,-0.32284008
-0.0069670273,0.0050343317,-0.010864269,-0.26748939,0.56731364,-0.32521458
-0.0083777634,0.0051262673,-0.010548293,-0.24305638,0.56962638,-0.26273721
-0.0080104491,0.0047676866,-0.011039952,-0.27681943,0.60176194,-0.31144776
-0.0068478312,0.0048623852,-0.011067217,-0.27638492,0.55942854,-0.30277867
-0.0069886458,0.0048242404,-0.011241539,-0.26318255,0.54715631,-0.30165452
-0.0066676924,0.0050656508,-0.011570047,-0.28926276,0.56379062,-0.33283693
-0.0063855997,0.0051282362,-0.011649587,-0.25736041,0.54501636,-0.32477566
-0.0066043633,0.0051622297,-0.011333373,-0.25251568,0.55350665,-0.28703719
-0.0064421545,0.0053184969,-0.011546424,-0.26619391,0.55284137,-0.29811589
-0.0063248876,0.0052343299,-0.011377935,-0.25941613,0.57074676,-0.32310003
-0.0065971646,0.005406421,-0.011248275,-0.25521964,0.5624375,-0.31391977
-0.0081589758,0.005193768,-0.010993506,-0.24165782,0.58971137,-0.28042664
-0.0081775116,0.0050663921,-0.011032237,-0.26391429,0.59939871,-0.29991156
-0.0076761081,0.0048908851,-0.011418762,-0.26267087,0.53586883,-0.28781594
-0.0070163943,0.0050006878,-0.011879423,-0.26915525,0.52661126,-0.33537972
-0.0068961504,0.0052297882,-0.011953512,-0.29981025,0.54803124,-0.34517749
-0.0073184782,0.0051230024,-0.012047829,-0.28316377,0.53846854,-0.31221112
-0.0069119793,0.0052733339,-0.01214052,-0.30442738,0.56237247,-0.3159868
-0.007089686,0.0053614337,-0.012383687,-0.29720902,0.55027584,-0.32157459
-0.0069729947,0.0055839684,-0.01241834,-0.31199043,0.56648017,-0.33748936
-0.0083327578,0.0057314324,-0.012358264,-0.28898479,0.56658281,-0.2889556
-0.0086047272,0.005620976,-0.012649503,-0.32540502,0.61430667,-0.30869308
-0.0073152862,0.0053028052,-0.012738877,-0.29951818,0.56134573,-0.31086239
-0.0066705404,0.0053233683,-0.013546003,-0.33195944,0.57118958,-0.36257959
-0.0070042998,0.0057516488,-0.013763134,-0.34009352,0.57844145,-0.38863894
-0.0069436476,0.0057331559,-0.013966178,-0.33371742,0.58980895,-0.38271965
-0.0071997338,0.0058835621,-0.014004406,-0.3509427,0.61291467,-0.39680612
-0.0066975434,0.0060516709,-0.014152404,-0.363795,0.61054075,-0.40936093
-0.0064066963,0.0060771545,-0.014052456,-0.35064493,0.59016611,-0.3928204
-0.0059623362,0.0063646094,-0.014022645,-0.36027549,0.59104252,-0.40742192
-0.0073254611,0.0061330015,-0.013855031,-0.32928469,0.56799211,-0.35264505
-0.0088233598,0.0059478942,-0.013996859,-0.3474724,0.6220835,-0.34488977
-0.0080946182,0.0060518323,-0.014296435,-0.37828359,0.62163922,-0.3832769
-0.0078500956,0.0062047065,-0.014918778,-0.36673268,0.60020136,-0.40000145
-0.007036284,0.005844811,-0.015208987,-0.35846855,0.58857309,-0.41575478
-0.0069019078,0.005893308,-0.015303293,-0.38583001,0.58161388,-0.4117612
-0.0076764034,0.0057977727,-0.015282928,-0.37842079,0.58534377,-0.38168327
-0.0064142165,0.0059840464,-0.015371912,-0.39240337,0.59255088,-0.42065816
-0.0068801556,0.0062554628,-0.015472336,-0.40507941,0.60603164,-0.41582085
-0.00677823,0.0062720298,-0.0155062,-0.42063535,0.60048848,-0.42237996
-0.008215111,0.006354246,-0.01539964,-0.40443742,0.62662067,-0.37062579
-0.0070221397,0.0062531284,-0.015523651,-0.41580166,0.62299084,-0.42373883
-0.0079284933,0.0058404008,-0.015761037,-0.38584452,0.5938971,-0.35537352
-0.0077020646,0.0059810077,-0.015859719,-0.39967611,0.62077284,-0.39439206
-0.0081492823,0.0059799497,-0.015750347,-0.39388648,0.59931506,-0.38621723
-0.0076613801,0.0060637563,-0.015970869,-0.40415975,0.62910813,-0.4142526
-0.0072858023,0.0061366745,-0.015758433,-0.40055877,0.61731269,-0.41136683
-0.0071625629,0.0062900217,-0.015587246,-0.39713415,0.62618858,-0.41802001
-0.0072404361,0.0063167246,-0.015598989,-0.39598502,0.61492843,-0.4050692
-0.0084641908,0.0064048975,-0.015343763,-0.39593335,0.6645758,-0.37390468
-0.0078767408,0.0063814713,-0.015273165,-0.4083793,0.68627834,-0.39593154
-0.0073755834,0.0064352089,-0.015647422,-0.40837034,0.65013702,-0.41617508
-0.0082184995,0.0062214441,-0.01575201,-0.4000059,0.62193316,-0.41880334
-0.0079878283,0.0063972437,-0.01590226,-0.41975718,0.63036181,-0.44294802
-0.0074697151,0.0064560251,-0.015969085,-0.41111879,0.63007828,-0.43047015
-0.0074671772,0.0064840303,-0.015898008,-0.40714322,0.63215145,-0.42573253
-0.0074732564,0.0063775981,-0.016022418,-0.41530365,0.64073524,-0.43496112
-0.0072757399,0.0064996648,-0.016260906,-0.41393747,0.64025699,-0.43655522
-0.0074480665,0.0062375532,-0.016317629,-0.41647823,0.67994823,-0.43326495
-0.0086947105,0.0064867546,-0.016142604,-0.42198808,0.70530238,-0.40009399
-0.0072240885,0.0064024581,-0.016577684,-0.42381372,0.68697259,-0.43126964
-0.0071668664,0.0062304253,-0.017038559,-0.40942896,0.63796057,-0.4569196
-0.0076510042,0.0062742871,-0.017120024,-0.41749213,0.64751562,-0.44635942
-0.007559013,0.0062962965,-0.017185476,-0.41060841,0.6356056,-0.42523327
-0.0074424518,0.006489293,-0.016947622,-0.4163702,0.65805705,-0.43486092
-0.007059244,0.0065150072,-0.017124788,-0.41781217,0.66112889,-0.44534615
-0.0078513003,0.0065333941,-0.017172646,-0.4029629,0.67953133,-0.44522943
-0.0078216275,0.006720914,-0.016968312,-0.42069031,0.68701204,-0.48159697
-0.0085752236,0.0069123772,-0.016507628,-0.40736125,0.70226519,-0.44813666
-0.0089932574,0.0067253984,-0.01679529,-0.42424782,0.74020184,-0.44900826
-0.0083814097,0.0067731831,-0.017303957,-0.42847739,0.70089926,-0.4717558
-0.0078544715,0.0067267179,-0.017382896,-0.41823939,0.67820893,-0.4782908
-0.0077672421,0.0068601113,-0.017397837,-0.43018781,0.6603031,-0.47356451
-0.0077001701,0.0070059666,-0.017526895,-0.43731281,0.6721127,-0.49031829
-0.0076703507,0.0069238108,-0.017599002,-0.43043008,0.65938589,-0.48886652
-0.0075517263,0.007122105,-0.017554149,-0.4465032,0.68181505,-0.50007063
-0.0075374498,0.0070476816,-0.017313968,-0.42685421,0.66644477,-0.48881141
-0.0079647133,0.0069884456,-0.017397614,-0.44400356,0.70597753,-0.49006375
-0.009208954,0.0070501213,-0.016963548,-0.43636011,0.73329244,-0.42624611
-0.0083719351,0.0069426449,-0.017299092,-0.4514319,0.74530235,-0.47508232
-0.0083400006,0.00698799,-0.017352497,-0.42778129,0.70047421,-0.55305081
-0.0081767636,0.0071412909,-0.017311129,-0.42555776,0.66838142,-0.48397697
-0.0081250625,0.0073324484,-0.017569424,-0.44645503,0.67496437,-0.51492843
-0.0082714703,0.0073803808,-0.017555359,-0.43743741,0.68559601,-0.5076968
-0.0080168916,0.0075065465,-0.017580403,-0.45032188,0.68997165,-0.51397182
-0.008265534,0.0075488326,-0.017437674,-0.44400748,0.68370694,-0.49979859
-0.0082679307,0.0076302802,-0.017488082,-0.45043563,0.69372076,-0.50359758
-0.0090025289,0.007552299,-0.017353522,-0.44619198,0.71631998,-0.48391733
-0.0090921533,0.0073525748,-0.017298919,-0.45999091,0.7163408,-0.48675091
-0.0081377753,0.0073873615,-0.017646183,-0.46102489,0.66498745,-0.49364409
-0.0085480246,0.0076456842,-0.017854232,-0.45337605,0.65965467,-0.49185766
-0.0078613515,0.0076215534,-0.017834545,-0.46577218,0.6716452,-0.50993587
-0.0082858599,0.0078079121,-0.017893055,-0.46341159,0.67612467,-0.51584732
-0.0080456893,0.0079518126,-0.017943837,-0.46814786,0.67913702,-0.53053588
-0.0082371965,0.0078131549,-0.018049637,-0.4688567,0.68653274,-0.52940808
-0.008115138,0.0078639657,-0.018331707,-0.488454,0.70495917,-0.54668907
-0.0097323414,0.0079515112,-0.018123152,-0.46806157,0.73545686,-0.48380143
-0.0082803201,0.0075186216,-0.018050065,-0.46047951,0.6815155,-0.52342095
-0.0080039678,0.0071220667,-0.018239224,-0.44491277,0.64519829,-0.54117704
-0.0088947467,0.00725592,-0.018332645,-0.45100591,0.66216289,-0.53757131
-0.0088609734,0.0077549853,-0.018268596,-0.44603721,0.63486389,-0.5656283
-0.0082094342,0.007458846,-0.018419596,-0.44928474,0.64896495,-0.55904417
-0.0079955599,0.0075443591,-0.018338352,-0.45526873,0.66122818,-0.54344866
-0.008457678,0.0073846747,-0.018563641,-0.47326765,0.68381791,-0.55421946
-0.008547206,0.0076199561,-0.018524621,-0.4726501,0.67739717,-0.54758349
-0.0086104523,0.007514641,-0.018535857,-0.46176738,0.70761534,-0.53439489
-0.0091914087,0.0076816023,-0.0184234,-0.4797034,0.73200389,-0.51996248
-0.0079575146,0.0076907972,-0.018495312,-0.47337988,0.73854209,-0.55482724
-0.0083359038,0.0077408531,-0.018849172,-0.45386314,0.66542322,-0.53097063
-0.0083429761,0.0076552693,-0.018873047,-0.4509926,0.69710427,-0.56526958
-0.0081761834,0.0078049211,-0.018844796,-0.47614436,0.68757821,-0.56614174
-0.0083354511,0.0077105652,-0.018714477,-0.46817547,0.68913428,-0.5600855
-0.0080139941,0.0074322169,-0.018791875,-0.47305418,0.69339135,-0.5766194
-0.0080550512,0.0075985232,-0.018423304,-0.45709952,0.69506873,-0.56951141
-0.0086215315,0.0074429325,-0.018569943,-0.47908532,0.68529556,-0.5667061
-0.0099667392,0.0072252505,-0.017855064,-0.43911527,0.6953615,-0.52508075
-0.010376207,0.0070740054,-0.017633628,-0.44974171,0.7583586,-0.56402975
-0.010740471,0.0069617428,-0.017562692,-0.43221705,0.73632142,-0.53070004
-0.0087511188,0.0072287908,-0.018050262,-0.44857304,0.70910148,-0.59642271
-0.0084223578,0.0073373636,-0.018569699,-0.45313772,0.67085489,-0.58653763
-0.0083625807,0.0072500355,-0.018475326,-0.45270315,0.69278037,-0.62601337
-0.0082083565,0.0072688496,-0.018478311,-0.44758836,0.68390777,-0.60486555
-0.0082663889,0.0073363424,-0.018696303,-0.46630537,0.69299632,-0.58905186
-0.0080528795,0.0072941677,-0.018589021,-0.44841544,0.68120366,-0.59899756
-0.0080024473,0.0071178221,-0.018523712,-0.45476489,0.68879621,-0.60288146
-0.0091739164,0.0070579046,-0.018176614,-0.4417,0.7299655,-0.57540066
-0.01009812,0.0069794402,-0.018258709,-0.44381827,0.75853979,-0.54987768
-0.0086337606,0.0072066806,-0.01856249,-0.46605538,0.73190767,-0.59373359
-0.008432916,0.0066835544,-0.018947177,-0.43873111,0.68833806,-0.59248165
-0.0088380304,0.0064970657,-0.019036546,-0.44292715,0.70478122,-0.61206413
-0.0092891156,0.0066215298,-0.018798495,-0.44137247,0.69211484,-0.59570219
-0.0086068087,0.0070978917,-0.018836124,-0.44139156,0.69552209,-0.61284843
-0.0085672442,0.0069463457,-0.018760389,-0.45344316,0.69280889,-0.6332257
-0.0082008056,0.0073797027,-0.018744868,-0.45075433,0.69414587,-0.64969227
-0.0088439179,0.007228765,-0.018514186,-0.44794274,0.72509393,-0.64833358
-0.0093395561,0.0075065977,-0.018278551,-0.45384744,0.74836602,-0.61177113
-0.0088354197,0.0071065261,-0.018615889,-0.45602182,0.73492873,-0.62913987
-0.00974702,0.0067457576,-0.018850203,-0.44959638,0.71826756,-0.61299755
-0.0099999619,0.0066395142,-0.018894114,-0.44415713,0.71310081,-0.60019244
-0.0089462895,0.0068571209,-0.018714046,-0.45710097,0.69932025,-0.64484542
-0.0088441292,0.0069773796,-0.0184341,-0.46712498,0.70588912,-0.64451016
-0.008858791,0.0064512263,-0.018075223,-0.45201691,0.69785854,-0.65471856
-0.0095134212,0.0059592824,-0.017916221,-0.44981623,0.70268408,-0.63690741
-0.0085473848,0.0059444774,-0.018099978,-0.4560914,0.69687895,-0.66213546
-0.0099513364,0.0056403206,-0.017925167,-0.44185968,0.70990393,-0.62110776
-0.011511777,0.0053581293,-0.017647031,-0.43363621,0.74369969,-0.58930466
-0.010344864,0.0051294853,-0.018270759,-0.44674784,0.70654714,-0.5942136
-0.010422842,0.0051644913,-0.018662109,-0.43081494,0.67387087,-0.61277263
-0.0099428824,0.0056719592,-0.019026804,-0.43638942,0.68691402,-0.64308476
-0.010156433,0.0056345054,-0.018962599,-0.43779287,0.67677851,-0.60957536
-0.0095617757,0.0058412717,-0.019105716,-0.44714734,0.68014598,-0.63601808
-0.009123066,0.0062345365,-0.01897433,-0.45279828,0.69074508,-0.63624435
-0.0096468123,0.0061372894,-0.018992026,-0.44635167,0.69501994,-0.64696562
-0.009406411,0.0060867564,-0.019242762,-0.46442902,0.70891066,-0.66619305
-0.010828308,0.0056816201,-0.019151596,-0.45487176,0.7216129,-0.62864057
-0.012167401,0.0055365425,-0.018739089,-0.45080991,0.75730463,-0.58252545
-0.011132699,0.005558912,-0.018875968,-0.45354312,0.7086675,-0.606097
-0.010365895,0.0051236204,-0.019799182,-0.46596058,0.68124391,-0.63182182
-0.01053287,0.0051864608,-0.020151311,-0.4784958,0.66953103,-0.661284
-0.0086677736,0.0057253973,-0.019926117,-0.47324877,0.75645585,-0.68454448
-0.0081452725,0.0062811604,-0.019867581,-0.48832426,0.7467983,-0.68854743
-0.008542007,0.0059758116,-0.019854139,-0.47809223,0.71410887,-0.68572226
-0.0084863118,0.0060298131,-0.020023123,-0.49556454,0.71871217,-0.68826706
-0.0085652056,0.0059295774,-0.019959049,-0.49186686,0.72652146,-0.69497076
-0.010222867,0.0056090186,-0.019711307,-0.46621855,0.7687544,-0.63696983
-0.0095537319,0.0054505029,-0.020426302,-0.50268627,0.77031993,-0.6690051
-0.010175123,0.0051009078,-0.020676132,-0.50079696,0.69450106,-0.66044755
-0.010062752,0.0052486956,-0.02061308,-0.49120414,0.68264829,-0.67136763
-0.009009385,0.0059323501,-0.020572317,-0.50276071,0.68087071,-0.70760238
-0.0095829824,0.0058388572,-0.020236616,-0.48875204,0.68833096,-0.68634859
-0.0093818461,0.0059477189,-0.020322786,-0.49207377,0.71005707,-0.71504302
-0.0093982795,0.0058314091,-0.020117427,-0.48591492,0.70073204,-0.7059146
-0.0085005806,0.0057854331,-0.020391633,-0.50027832,0.69934313,-0.71032309
-0.0098779484,0.0056829271,-0.020331211,-0.4891952,0.71743609,-0.68514183
-0.011000139,0.0055095504,-0.020419504,-0.50515857,0.76382575,-0.6815423
-0.011624473,0.0053382785,-0.02046818,-0.48438272,0.74867743,-0.64980859
-0.010125923,0.0052066082,-0.021104135,-0.5029873,0.70910674,-0.69493606
-0.0099205114,0.004704742,-0.021059941,-0.48387516,0.66051334,-0.68811309
-0.0093937075,0.0051719537,-0.020915111,-0.50117901,0.6795014,-0.72257977
-0.0096952989,0.0049638002,-0.020866702,-0.49673658,0.67366718,-0.69648799
-0.0091311198,0.0053465101,-0.020886779,-0.51962991,0.7097248,-0.7571622
-0.0095045812,0.0053729303,-0.02043273,-0.49742846,0.6826402,-0.71970945
-0.0091796216,0.005323134,-0.020749516,-0.52256562,0.70767875,-0.7359933
-0.0099943474,0.0050230331,-0.02090198,-0.51047952,0.72735536,-0.71095626
-0.0108707,0.0053218009,-0.020528291,-0.50644188,0.76353881,-0.6612726
-0.00985003,0.0052733574,-0.020717712,-0.51519933,0.72587432,-0.71440699
-0.0097614787,0.0048413806,-0.020862112,-0.48846154,0.6814766,-0.72516018
-0.010082879,0.0049074984,-0.021053154,-0.49713323,0.68612173,-0.77102216
-0.010509145,0.0051463071,-0.021211566,-0.50417054,0.68914218,-0.76286981
-0.009342125,0.0054551815,-0.021204228,-0.51722469,0.67585353,-0.74688798
-0.009831584,0.0050163137,-0.020779511,-0.48427745,0.67518973,-0.7090828
-0.0099371725,0.0049523309,-0.020650577,-0.48136531,0.69086448,-0.71443113
-0.009942079,0.0049874012,-0.020586109,-0.48488712,0.68369082,-0.70705271
-0.010306514,0.0051835175,-0.020269389,-0.49723642,0.7218434,-0.70604046
-0.011408281,0.0051356056,-0.020032586,-0.48268057,0.75414748,-0.65111193
-0.0099838979,0.0053900373,-0.02078418,-0.51172496,0.74669464,-0.71679517
-0.010569772,0.0048943922,-0.021177047,-0.50606351,0.69340003,-0.72085925
-0.010345027,0.0045252873,-0.021270296,-0.48953437,0.68799956,-0.72545399
-0.010429095,0.0048607274,-0.021371911,-0.49002202,0.7059889,-0.72818338
-0.0098907561,0.0049855342,-0.02146422,-0.48721871,0.69634106,-0.7065174
-0.0099180187,0.0050385687,-0.021526426,-0.49739087,0.71179157,-0.73135828
-0.0098694283,0.0049413028,-0.021608606,-0.49462835,0.69475491,-0.72515035
-0.010393888,0.0051481877,-0.021242239,-0.49707323,0.73991651,-0.77560029
-0.014522017,0.0058209742,-0.021234835,-0.53610772,0.81114706,-0.57790598
-0.015268388,0.0046414802,-0.01947175,-0.47525232,0.83360032,-0.72100371
-0.009610099,0.0025083138,-0.016670688,-0.29234771,0.65938429,-0.89412948
-0.010312293,0.002173536,-0.018110571,-0.31227459,0.61654407,-0.75463186
-0.010254117,0.0025591257,-0.017769831,-0.32098818,0.68245743,-0.84500651
-0.0096809911,0.0030715058,-0.018451362,-0.34947327,0.68757047,-0.78644681
-0.0035550209,0.0040327823,-0.013148494,-0.25148465,0.63805234,-1.1155636
-0.00073864197,0.0016607157,-0.012575319,-0.20665088,0.4614494,-1.1794687
-0.0034140922,0.0022650903,-0.013123561,-0.2180248,0.55522622,-1.0577165
-0.0044480145,0.0031350405,-0.012354039,-0.22849198,0.58989347,-1.070799
-0.0070613787,0.0033797766,-0.012826226,-0.23540223,0.63909531,-0.98920662
-0.0063203962,0.0033383336,-0.013108859,-0.28107538,0.63712601,-1.0185248
-0.0079256335,0.0028150094,-0.013871137,-0.26576022,0.60084544,-0.93924541
-0.0075681269,0.0030581925,-0.013733215,-0.26985248,0.61780363,-0.99876586
-0.0082612172,0.0034052234,-0.01363401,-0.27614961,0.6013662,-0.96624368
-0.0076019889,0.0035343026,-0.013352661,-0.2748029,0.61390377,-1.0222889
-0.0079590795,0.003768658,-0.012475775,-0.28179783,0.57928903,-0.97517358
-0.0083057416,0.0035333923,-0.0107808,-0.2433387,0.55913584,-0.9745983
-0.0089879289,0.0037242926,-0.01070091,-0.2502315,0.59027753,-1.0081236
-0.010179374,0.004104646,-0.01063949,-0.24945273,0.60450062,-0.9758309
-0.010394389,0.0041424276,-0.010654441,-0.27541696,0.62967528,-0.98449662
-0.009710854,0.0038329167,-0.011350434,-0.27140517,0.58809512,-0.99238005
-0.01022309,0.0036197206,-0.011618051,-0.28579471,0.61761279,-0.98545425
-0.010597533,0.0034565791,-0.011795785,-0.26733526,0.58046664,-0.97034733
-0.0097728855,0.0036760221,-0.011533166,-0.27786027,0.62961627,-0.99011509
-0.0093529816,0.0036876453,-0.011085339,-0.26487156,0.62209271,-0.97859977
-0.0084223115,0.0033102933,-0.011136585,-0.26861873,0.71137049,-1.001248
-0.0087205608,0.0031660272,-0.011314832,-0.25129748,0.63226495,-0.9735858
-0.010033135,0.0029056258,-0.011157219,-0.23244204,0.57988841,-0.93579032
-0.011250757,0.002521684,-0.010982253,-0.23270311,0.63116556,-0.90247912
-0.011098349,0.00274761,-0.01131299,-0.25693625,0.68072982,-0.90790718
-0.01130686,0.0030358401,-0.011435655,-0.25772671,0.68947503,-0.90003765
-0.012347699,0.0030462419,-0.011368367,-0.25371935,0.68137712,-0.89671665
-0.011054892,0.0029103588,-0.011065498,-0.23221742,0.66024814,-0.92732443
-0.01200131,0.0029239986,-0.011250116,-0.23711233,0.65486544,-0.91363947
