0,0,0,0,0,0
-0.00015794483,4.1920454e-05,0.00021746837,0.0017951571,0.0072430046,0.0094813905
-0.00044440508,-0.00038592919,0.00073758208,0.0070517446,-0.040487164,0.035904953
0.00013520438,-0.00056307033,0.00071584455,0.022796729,-0.069493456,-0.037390229
0.00052859432,-0.00028327778,0.00088842132,0.022318739,-0.088188201,-0.058678582
0.001100902,-4.3558001e-05,0.0010254461,0.024863773,-0.10349893,-0.045465702
0.0015101286,7.2942199e-05,0.0013372184,0.017479412,-0.082943389,-0.022473098
0.0020162326,0.00020867235,0.0013781518,0.01472131,-0.082925512,-0.0056939718
0.0022405608,0.0001348374,0.0013949606,0.0066332995,-0.10552732,-0.02149237
0.0028634277,-8.0043738e-05,0.0011740128,0.0077983077,-0.089162853,-0.057150753
0.0027140884,7.5998172e-05,0.0011000617,0.0038589831,-0.11062483,-0.045584767
0.0026129946,-2.4812445e-05,0.001283486,0.016095497,-0.11014866,-0.029619409
0.0030542551,0.00078913069,0.0016421023,0.0062362814,-0.10968265,0.00882331
0.0036153289,0.0011577535,0.0017461115,0.0055931199,-0.10763106,-0.0074548473
0.0040900822,0.0016399146,0.0022794647,0.0048826209,-0.11740031,-0.0066572996
0.0042723486,0.0019305812,0.0024421229,0.0053050919,-0.10125156,-0.033977271
0.0048235136,0.0023210708,0.0028258,0.0035283814,-0.13113992,-0.0015758509
0.0046760694,0.0020405099,0.002651706,-0.0016814167,-0.10803464,-0.04249367
0.0050209284,0.0018869608,0.0026835383,-0.0040598158,-0.12750552,-0.056045542
0.0045224389,0.0017843857,0.0026650299,-0.0055932813,-0.14264846,-0.060332266
0.004997539,0.001613432,0.0023851465,0.0090210626,-0.06720117,-0.12662882
0.0057171829,0.0025595986,0.0027099396,0.0024225347,-0.094584887,-0.062449764
0.0052945739,0.0026930298,0.0030087411,-0.0032400673,-0.095535098,-0.028282385
0.0056866003,0.0033041956,0.0031852272,-0.0036426357,-0.069791095,-0.017209784
0.0051207306,0.0026991207,0.0035625428,0.0062702487,-0.12299538,0.013937265
0.0053136257,0.0027812173,0.0033286793,0.0070563314,-0.12474411,-0.033901593
0.0054172683,0.0033201695,0.0035957107,0.0087648487,-0.12396951,-0.050551472
0.0059079882,0.0030137404,0.0034904171,0.011387517,-0.10309111,-0.066996759
0.0053477845,0.0028094771,0.0035948703,0.002338121,-0.12283295,-0.04723452
0.0053471892,0.002758262,0.0034425831,0.011832611,-0.064190934,-0.07455495
0.0053440761,0.0030457689,0.0035796853,0.008745621,-0.07510778,-0.053993542
0.0053800671,0.003083984,0.0037434148,0.020189882,-0.070230863,-0.030616958
0.0055685901,0.0033938821,0.0039181567,0.017392354,-0.075197204,-0.034811061
0.0059277959,0.0035816767,0.0039356644,0.020210017,-0.066051074,-0.044330518
0.0054598351,0.0037662037,0.0042571686,0.0090738778,-0.084932162,-0.024637007
0.0054570836,0.0038160049,0.0041505324,0.019960286,-0.03577025,-0.03940207
0.0060533502,0.0041220362,0.0042352176,0.0019055899,-0.072563684,-0.023146624
0.0051489403,0.0034298346,0.0041640896,0.015460862,-0.063663147,-0.058320357
0.0060820657,0.0036588983,0.0039385829,0.010958591,-0.039387848,-0.096350949
0.0053121839,0.0035550711,0.0041515378,0.021174511,-0.066331467,-0.079222693
0.0057548312,0.0040085378,0.0040367196,0.02131039,-0.045081558,-0.088388364
0.0060695581,0.0043842925,0.0042243511,0.0180576,-0.062755952,-0.050771873
0.0058805326,0.0041696027,0.0045126084,0.020329547,-0.052522021,-0.041679246
0.0055588281,0.004248889,0.0046471253,0.027118669,-0.096097915,-0.018432083
0.0058404467,0.0045976381,0.0046411071,0.021827443,-0.087056197,-0.059312052
0.0056326795,0.0046652277,0.0047268242,0.023490578,-0.086682425,-0.067626994
0.0061259519,0.0049910333,0.0050300152,0.01441817,-0.085128135,-0.071872018
0.0031335459,0.0035633315,0.0055497181,0.071602761,-0.16697458,0.14365731
0.0026523549,0.0044578856,0.0046160432,0.053357576,-0.052651584,0.092302786
0.0027828208,0.0054459355,0.004961906,0.0075244013,0.13135922,-0.091868413
0.0037070458,0.0061183704,0.0053128103,0.023829941,0.11176934,-0.048452597
0.0054210185,0.0063188456,0.005616721,0.024968668,0.091955317,-0.067616549
0.0061183252,0.006572855,0.0058221006,0.025549111,0.083553858,-0.033234588
0.0068857827,0.0066963918,0.0060261509,0.031554974,0.056266722,-0.0037655365
0.0073176411,0.0067658146,0.0062449813,0.035217193,0.0085767631,0.022309158
0.007905134,0.0067768165,0.0063334587,0.036455423,-0.021932031,-0.0059588553
0.0053283761,0.0060790606,0.0061522284,0.026624303,-0.051073012,-0.011054279
0.0048688334,0.0062773304,0.005948206,0.014381284,-0.014881919,-0.031993862
0.0050350242,0.0063196249,0.0058689802,0.019209402,-0.029553947,-0.049151027
0.0053790336,0.0065559759,0.0061517572,0.025439434,0.0076774463,-0.066825859
0.0055423624,0.0069243326,0.0062970925,0.02506076,-0.010528366,-0.041550715
0.0062864113,0.0069021125,0.0064972835,0.033507775,0.015348358,-0.060008017
0.0061243614,0.0067746712,0.0066751518,0.029904815,-0.020090828,-0.048775863
0.0051176266,0.0072808853,0.0065813714,0.026882471,-0.032656035,-0.036801738
0.0055082899,0.0072952851,0.0065917048,0.035708769,-0.044316099,-0.043427567
0.0051582994,0.0075554491,0.0067753745,0.030517359,-0.039983478,-0.027366058
0.0052772953,0.0070536732,0.0065340777,0.027676373,-0.05766648,-0.032381339
0.0053383042,0.0070002855,0.0063590491,0.024963137,-0.05268673,-0.038704509
0.0047666559,0.0068574165,0.0064728213,0.024531038,-0.053345511,-0.071895729
0.0046784691,0.0070881074,0.0065511231,0.032189899,0.024500903,-0.099135925
0.0057071446,0.0075400083,0.0067122104,0.030546884,0.0076744062,-0.066195376
0.0054804364,0.0077265716,0.0068225208,0.028357549,0.032961385,-0.058027586
0.0070514366,0.0077668027,0.0067740792,0.039567778,0.02637703,-0.055430788
0.0067062051,0.0078975703,0.0069766405,0.02812381,-0.027465838,-0.029599048
0.0055286714,0.0079855063,0.006938586,0.029950735,-0.014994849,0.0051504439
0.005462381,0.0078106633,0.0068421333,0.018021786,-0.043731154,0.0027266811
0.00411785,0.0072252445,0.0068110593,0.02322974,-0.039093764,-0.044906792
0.0040439343,0.0075651467,0.006547743,0.026586082,0.028986722,-0.061585497
0.004518598,0.0074748613,0.0068460049,0.025659005,0.0087103269,-0.045360911
0.004874034,0.0076987536,0.0067877389,0.03455019,0.026387059,-0.054399013
0.0056569238,0.0080821642,0.0069240123,0.033125722,-0.0056710022,-0.032754587
0.0055409242,0.0083412361,0.0068823532,0.03215469,0.023084946,-0.033177539
0.0057518171,0.0085013947,0.0070223684,0.033812852,-0.0053202145,0.0063125982
0.0055161938,0.0084229648,0.007005741,0.035740825,0.023649379,-0.01737893
0.0053197664,0.0076994437,0.0073998034,0.047887457,-0.0084850671,0.024218731
0.0049789322,0.0064563622,0.0072606475,0.068662422,-0.083570948,-0.0037150744
0.0052881957,0.0067483246,0.0069394947,0.054168286,-0.071085548,-0.057903
0.0056611614,0.0071157657,0.0070104347,0.060297981,-0.021649802,-0.089206134
0.0065619521,0.0072756856,0.0068946801,0.052751877,-0.011487103,-0.11206283
0.0067021117,0.0074549841,0.0070971672,0.06623958,-0.042348989,-0.099374027
0.00697097,0.007860406,0.0071366571,0.053260798,-0.033821968,-0.066059976
0.006563853,0.0079764496,0.0073005587,0.053121118,-0.038276025,-0.015947139
0.0068465064,0.0081792019,0.007280843,0.044449906,-0.037313687,0.0068605904
0.0065946154,0.0083433874,0.0072977227,0.04460537,-0.037211567,-0.018212853
0.0066928774,0.0084611184,0.0073348944,0.043489053,-0.037573754,-0.027131917
0.0063440815,0.0078007627,0.0071870979,0.048013683,-0.042661153,-0.045149586
0.0057984163,0.0076066866,0.0072937935,0.050424538,-0.07594032,-0.025480325
0.0036044639,0.0069474247,0.00710083,0.038168977,0.074530997,-0.11610907
0.005933335,0.007292849,0.0071644886,0.060923379,0.059067222,-0.11925336
0.0061044744,0.0077640529,0.0073789858,0.060263358,0.0031715688,-0.076123001
0.0065719221,0.0078102951,0.0073551032,0.060075068,0.025884509,-0.077021708
0.0061866,0.0081500193,0.0074339912,0.052996668,0.017280923,-0.039474769
0.0067355464,0.0082562538,0.0074016451,0.051588525,0.023146023,-0.019962589
0.0064812586,0.0083500631,0.0074772085,0.044732343,0.00048827349,-0.01246273
0.00676046,0.0079058435,0.0072902946,0.049382292,-0.019347719,-0.036360581
0.0054241034,0.0073933545,0.0071429199,0.047882737,-0.071269313,-0.067160095
0.0056147338,0.007631661,0.0068118299,0.03862623,0.038369234,-0.099037146
0.0066700677,0.0078793485,0.0069178788,0.043955652,-0.0083796433,-0.050575681
0.0069009801,0.0082463915,0.0071019213,0.048568521,-0.0030221642,-0.062150383
0.0073382138,0.0086205343,0.0072751748,0.044543732,-0.010226711,-0.031572523
0.0072917421,0.0088370198,0.00745031,0.045076924,0.0043771881,-0.032484204
0.0073786576,0.0085164521,0.0075927426,0.049217667,-0.014203455,-0.013300968
0.0075555558,0.0084126975,0.0074895467,0.060363675,-0.060638667,-0.034847506
0.0076157175,0.0087174597,0.0072935636,0.053958035,-0.060688509,-0.059981726
0.007978147,0.0081812541,0.0073779288,0.062745232,-0.10518089,-0.073455549
0.0074699145,0.0079125743,0.0071364899,0.062210694,-0.089733019,-0.092995272
0.0082775911,0.0084240345,0.0069618324,0.049094481,-0.04486083,-0.092423622
0.007603963,0.0084181148,0.0071491797,0.060467441,-0.048622085,-0.097418609
0.0083311771,0.0086512871,0.0071800352,0.070942082,-0.057394717,-0.085923468
0.0083163225,0.0088919373,0.0074675685,0.066997124,-0.067031594,-0.059532128
0.0084759615,0.0090945606,0.0074660172,0.06718546,-0.066279851,-0.037747777
0.0083100958,0.0091639094,0.0075453316,0.062578741,-0.062705725,-0.023857512
0.0080242546,0.0084456769,0.0076403274,0.069152439,-0.11614505,-0.011264964
0.0074840477,0.0083994502,0.0074383997,0.080265431,-0.12170473,-0.049587989
0.0082269026,0.0085541916,0.0071011487,0.065666037,-0.068256023,-0.0925325
0.0082352664,0.0085107773,0.007100116,0.069357958,-0.086429188,-0.070830298
0.0080254251,0.0085017904,0.0070036065,0.067740556,-0.047684293,-0.092561791
0.0079896478,0.00869696,0.0070272043,0.063810595,-0.05655933,-0.097873655
0.0086791399,0.0090850836,0.007069592,0.066923178,-0.070738688,-0.082923014
0.0086922339,0.0093307714,0.0072127824,0.065518219,-0.072656772,-0.051052639
0.0089606574,0.0094624038,0.0071871842,0.066848352,-0.070513292,-0.033921684
0.0086286508,0.0095555147,0.0072800458,0.061955288,-0.086919671,-0.021118999
0.009002917,0.0096984346,0.0072684139,0.0673878,-0.077449535,-0.052339931
0.0089746699,0.0096444129,0.0073615279,0.05114329,-0.10150812,-0.068223986
0.008136528,0.0087483284,0.0071221964,0.061848899,-0.11499008,-0.091529376
0.007431729,0.008728721,0.0070403856,0.055167927,-0.047510427,-0.10886503
0.0081104593,0.0088552089,0.0069203007,0.061923182,-0.060774935,-0.095965085
0.0079929559,0.0091731871,0.0071601516,0.062916513,-0.059638557,-0.10909918
0.0088172037,0.0096876026,0.0071847346,0.064553929,-0.068671011,-0.096653944
0.0083849465,0.0097596988,0.0072555326,0.062501348,-0.049169857,-0.09964748
0.0090412288,0.010062859,0.0072565917,0.060390874,-0.064807938,-0.056594976
0.0085143469,0.010105083,0.0073328586,0.060540628,-0.068211063,-0.036263046
0.0089006873,0.0099122384,0.007201789,0.058570173,-0.089418356,-0.040376993
0.0081744899,0.0087996156,0.0072097124,0.069812521,-0.13403805,-0.078401556
0.0085133679,0.0087677299,0.0068823363,0.064546969,-0.092303713,-0.13476132
0.0088944684,0.0090538977,0.0069731804,0.067028567,-0.099994883,-0.12094212
0.0091749923,0.0091349044,0.0068827103,0.066246322,-0.087700888,-0.11797117
0.009214867,0.0094879122,0.0070777013,0.070158849,-0.083742622,-0.11072516
0.0096576424,0.0099151336,0.0070901061,0.071270931,-0.085265771,-0.086235536
0.0094283263,0.0097053819,0.0071705101,0.076926632,-0.074861972,-0.11186588
0.0099461433,0.010140308,0.0072606651,0.061954712,-0.095165546,-0.077556669
0.0096520046,0.010277549,0.0072138687,0.056308551,-0.093401345,-0.075165273
0.010655313,0.010603795,0.0072244386,0.047271736,-0.12312763,-0.032304033
0.008106698,0.010048247,0.0074831236,0.03619374,-0.11701081,-0.034877288
0.0072738401,0.010060331,0.0067945771,0.017280431,0.02055648,-0.14291735
0.0072061717,0.0096349703,0.0067324441,0.028752167,0.017526641,-0.15072199
0.0075312773,0.0096918451,0.0066700304,0.031936307,0.014229578,-0.19600507
0.0090106144,0.010479829,0.0066484812,0.028260704,-0.045318751,-0.12954066
0.0092412363,0.010332373,0.0069939249,0.040916208,-0.058743046,-0.086323647
0.0096362012,0.010215326,0.0071617132,0.049974279,-0.087452565,-0.053878883
0.0099175236,0.01069529,0.0070226642,0.047156188,-0.11398375,-0.0440118
0.010119291,0.010824957,0.0069952678,0.047929946,-0.12501389,-0.070356459
0.010502041,0.011311272,0.0070763436,0.035465319,-0.14057917,-0.05080262
0.00971189,0.010593025,0.0070560683,0.044183419,-0.12131609,-0.069042935
0.0094070216,0.010546462,0.0068774793,0.044892889,-0.098134144,-0.060057405
0.0094087735,0.010304904,0.0067535523,0.046534107,-0.12253308,-0.064944568
0.0098103766,0.010501103,0.0066138253,0.04649349,-0.11304929,-0.11105219
0.010385952,0.010901196,0.0068013392,0.04571223,-0.1402448,-0.10234568
0.010563268,0.011076693,0.0068013537,0.045373031,-0.13966437,-0.090927723
0.010242744,0.011238926,0.0069502853,0.044284126,-0.15143396,-0.063404623
0.01039318,0.011459379,0.006925507,0.042863563,-0.1403842,-0.03716525
0.01031135,0.011381751,0.0070672308,0.044696822,-0.15256664,-0.053580926
0.010352331,0.011001373,0.0069825863,0.041283891,-0.14242009,-0.087170857
0.0084248842,0.010507766,0.0069741055,0.026055224,-0.14377988,-0.11846806
0.0078961132,0.010584406,0.0069091375,0.018986802,0.020028879,-0.19307598
0.0087447676,0.01132589,0.0070155767,0.023122028,-0.037843861,-0.11797898
0.009453203,0.011328318,0.0068725329,0.036207179,-0.050912518,-0.11699424
0.0097083136,0.011528292,0.007024974,0.027747792,-0.083898241,-0.081588669
0.010272659,0.011631482,0.0069455282,0.022855408,-0.072745678,-0.091286698
0.010133486,0.011803389,0.0071421738,0.02057167,-0.092164479,-0.079682403
0.010569923,0.011999287,0.0069431338,0.021031025,-0.10004802,-0.079556142
0.010387859,0.01192209,0.007091096,0.022735572,-0.11785161,-0.070702049
0.010478925,0.011670362,0.0068203565,0.020767042,-0.1038835,-0.085722915
0.0086890017,0.010854378,0.0067906523,0.0075109793,-0.11376895,-0.12903081
0.0076632941,0.010632267,0.0067270249,0.003340295,0.055840433,-0.21290402
0.0095607984,0.011399521,0.0068133021,0.0082477941,-0.057134482,-0.15170585
0.00980388,0.011530666,0.0066318446,0.015003573,-0.067400442,-0.14628319
0.010524987,0.011753352,0.0067637089,0.023373744,-0.1061998,-0.10380792
0.010437303,0.012048146,0.0069034081,0.024515174,-0.086884641,-0.085919661
0.010480284,0.012061004,0.0069887973,0.027146375,-0.10510761,-0.04936875
0.010755581,0.01212658,0.0069490151,0.023200973,-0.10358471,-0.072391492
0.010130287,0.011652914,0.0069470785,0.023338619,-0.12943583,-0.082060233
0.0092803709,0.010902033,0.0067710619,0.031899965,-0.10119135,-0.15953551
0.0099052291,0.011123895,0.0068325071,0.032412636,-0.10428838,-0.13380755
0.009747565,0.011340327,0.006680508,0.025002625,-0.10805813,-0.12072914
0.010468483,0.011755846,0.0067648214,0.027734969,-0.11140013,-0.10291401
0.010211783,0.012095603,0.0069000349,0.014413489,-0.11527064,-0.077893957
0.010501873,0.012408298,0.0069361314,0.010821035,-0.10396119,-0.079468892
0.010187814,0.011782776,0.0071921235,0.019024773,-0.10938481,-0.084556748
0.010569474,0.011627943,0.0071276444,0.033585486,-0.12403216,-0.10059601
0.010667985,0.011766492,0.0069821402,0.026596053,-0.1445195,-0.12228709
0.010394101,0.011274821,0.0067252902,0.024602082,-0.16273728,-0.12383509
0.0096911118,0.011275287,0.0068726159,0.027861181,-0.12506819,-0.13843887
0.0097736184,0.011183427,0.0067227075,0.041034714,-0.11016014,-0.16324308
0.010275671,0.011411262,0.0068114991,0.044667643,-0.12023597,-0.16461765
0.010864288,0.011752191,0.0069651886,0.037323208,-0.1179091,-0.14168103
0.011077655,0.012007919,0.0069703924,0.033425523,-0.12470194,-0.11869368
0.011016571,0.012147341,0.0070666425,0.026371395,-0.12865679,-0.10419991
0.010902479,0.012257028,0.0068971494,0.023395465,-0.12900922,-0.095812944
0.010926121,0.012238783,0.006960018,0.028402006,-0.12997971,-0.12377117
0.010901489,0.01234266,0.0069697633,0.016220988,-0.1511585,-0.11020133
0.009413318,0.011477979,0.0068745032,0.017326128,-0.13381846,-0.14968094
0.0087358581,0.011377623,0.006771825,0.009014278,-0.025216462,-0.17900925
0.0094982543,0.011314518,0.0066019029,0.019782898,-0.070075421,-0.1648116
0.010329141,0.011788697,0.0067532832,0.024331621,-0.073901195,-0.18456767
0.010856903,0.011898693,0.0067614115,0.01871621,-0.12592045,-0.14175356
0.011043273,0.011218642,0.0066920388,0.030530277,-0.12157545,-0.14495561
0.011282704,0.011717053,0.006783867,0.025400435,-0.14949643,-0.11075872
0.011235779,0.011584509,0.0067770573,0.031815496,-0.16037791,-0.13031375
0.011601763,0.011726479,0.0067518848,0.032270377,-0.16651214,-0.14049514
0.01163239,0.011799729,0.0069267626,0.029199257,-0.18161229,-0.1317098
0.011018753,0.011150012,0.0067663704,0.040854689,-0.17617056,-0.13573474
0.011038181,0.011419513,0.0066283128,0.031097868,-0.13750706,-0.16443212
0.011305398,0.01159715,0.0065189102,0.031819855,-0.16007919,-0.15982397
0.01145468,0.011584591,0.0064900487,0.041615204,-0.14454621,-0.19240338
0.01179981,0.011908911,0.0067563648,0.037525505,-0.17430137,-0.15697387
0.012057706,0.012010109,0.0067306422,0.035399819,-0.15145496,-0.15418459
0.011997664,0.012080161,0.0067380558,0.026041473,-0.17986347,-0.1343635
0.01200709,0.012148957,0.0066992852,0.027543599,-0.16686473,-0.14914942
0.01160874,0.011403111,0.006716957,0.029308908,-0.18437369,-0.15919729
0.011493494,0.010784143,0.0067515363,0.035128725,-0.21429487,-0.16704053
0.011622681,0.010637921,0.0065179835,0.031560492,-0.17502027,-0.21883551
0.011603477,0.010735921,0.0064176352,0.033710772,-0.1848624,-0.21538812
0.012168966,0.011102648,0.006456611,0.037727853,-0.17779442,-0.23068503
0.012819376,0.011615442,0.0064718176,0.036823129,-0.21315127,-0.19446758
0.012820543,0.011880436,0.0065648772,0.03779478,-0.20990383,-0.17226932
0.012724367,0.012056792,0.0065201757,0.032612326,-0.21129384,-0.13837383
0.011994001,0.011773559,0.0069056634,0.049307897,-0.1995246,-0.15190631
0.0117603,0.01135119,0.0071497676,0.056879611,-0.22873319,-0.13905714
0.01175873,0.011798148,0.0070160302,0.055487378,-0.22444229,-0.16804243
0.011575531,0.011452272,0.0070118808,0.045710035,-0.2339965,-0.172618
0.011112331,0.011071491,0.0068832565,0.043306554,-0.2406991,-0.17045862
0.011090364,0.011380848,0.0066937025,0.039183896,-0.18315906,-0.16790914
0.011283975,0.011413877,0.0067439132,0.041404417,-0.20219883,-0.14824078
0.011360336,0.011545647,0.0066747931,0.041509924,-0.17406476,-0.18669083
0.011630898,0.011756225,0.0068090047,0.031154176,-0.19626064,-0.18404456
0.01174851,0.011976929,0.006735714,0.037120845,-0.19135958,-0.18408813
0.011535616,0.011894444,0.0069541342,0.04221985,-0.20819914,-0.1569512
0.010843887,0.011277215,0.00704155,0.05813002,-0.21691664,-0.11613891
0.011199212,0.011441553,0.0068549925,0.061483644,-0.19892172,-0.12976617
0.011563388,0.011365018,0.0067358724,0.052402163,-0.20184952,-0.17074975
0.011186408,0.011348241,0.0067130686,0.053640601,-0.17956696,-0.20165651
0.011046409,0.011168988,0.006523196,0.057634492,-0.17685381,-0.18886087
0.010889463,0.01096499,0.006570128,0.052130508,-0.19200268,-0.15513789
0.011068119,0.01124319,0.0066223789,0.057328027,-0.20060999,-0.15544041
0.011724577,0.01175554,0.0065853696,0.051530256,-0.21312728,-0.14011361
0.011832441,0.01187935,0.0066376871,0.047371097,-0.22153242,-0.15686815
0.012085149,0.012075352,0.0067025447,0.045824207,-0.21491084,-0.16759416
0.011730444,0.012173148,0.0067724181,0.043060796,-0.22260657,-0.14389949
0.011945193,0.012212408,0.0068523145,0.033527689,-0.22141706,-0.13152177
0.010680326,0.011522429,0.0067980863,0.026076066,-0.25467569,-0.13990629
0.0096599676,0.011357379,0.0064361337,0.033755274,-0.18613045,-0.19969729
0.010970534,0.011706801,0.006410903,0.037141582,-0.17974672,-0.20450036
0.011543389,0.011647467,0.0065630519,0.046845443,-0.20352708,-0.2006116
0.012212693,0.01181281,0.0063935184,0.042366032,-0.20954659,-0.18730398
0.012077157,0.01172376,0.0065141995,0.042464741,-0.21161212,-0.17327576
0.01228554,0.012080452,0.0064870127,0.030258527,-0.22092848,-0.15481285
0.012028948,0.011941073,0.006435663,0.026335515,-0.22152573,-0.1691148
0.012197389,0.01215173,0.0064590882,0.0263695,-0.22515185,-0.17860823
0.011661484,0.011666134,0.0063571693,0.025823386,-0.20895551,-0.17931355
0.010908077,0.011141313,0.0061846901,0.020829226,-0.19691008,-0.1866034
0.011000569,0.011242922,0.0060778522,0.0088143404,-0.19562108,-0.17796682
0.011457625,0.011378128,0.0059084648,0.013758092,-0.15793282,-0.23798208
0.012372269,0.011671919,0.0061373721,0.016546686,-0.21441849,-0.2234701
0.012746314,0.011826782,0.0062108029,0.021886664,-0.20288005,-0.23484187
0.012680511,0.01112703,0.0064649868,0.035774678,-0.24103254,-0.21777803
0.01276613,0.010869122,0.0062351524,0.028911416,-0.24387659,-0.20427534
0.013291103,0.01105307,0.0061174153,0.030561673,-0.26577586,-0.21747143
0.013430944,0.011262489,0.006191808,0.033314987,-0.27738846,-0.22138421
0.013188443,0.011203337,0.0060299478,0.025910711,-0.26354381,-0.23236148
0.01321821,0.011101326,0.0060290226,0.023658441,-0.24004588,-0.22977893
0.013154371,0.011397443,0.0060215104,0.013885227,-0.25481259,-0.19490346
0.013286355,0.011310425,0.005891675,0.027975029,-0.25220554,-0.20877685
0.013240741,0.011568946,0.0061259893,0.040193616,-0.26438948,-0.21279196
0.013548781,0.011834221,0.0060498722,0.040383855,-0.2614643,-0.21115013
0.013271875,0.011888885,0.0061170695,0.04040082,-0.26541279,-0.17860889
0.013460575,0.011920728,0.0061294912,0.036264039,-0.26272502,-0.18600226
0.013161542,0.012036944,0.0061499413,0.032719031,-0.26069671,-0.19750504
0.013467961,0.012012356,0.0060865767,0.030694909,-0.27531644,-0.20600238
0.011491171,0.011222318,0.0062179854,0.030005281,-0.21516959,-0.23335658
0.010135301,0.010595449,0.0062196642,0.013356902,-0.077892216,-0.29152614
0.010309222,0.010796827,0.0058776572,0.0068610783,-0.071036645,-0.3175914
0.01159759,0.011171894,0.0059328752,0.01658398,-0.065947863,-0.35281002
0.012312653,0.011606618,0.0060071286,0.015743169,-0.16525233,-0.27773073
0.012608149,0.011908794,0.0057922793,0.016998643,-0.12857752,-0.25794466
0.012819777,0.012145575,0.0060204335,0.015024286,-0.21884853,-0.19410665
0.012557856,0.011802028,0.0059531205,0.017987395,-0.18959357,-0.21498212
0.012892175,0.012000444,0.0059111451,0.011004996,-0.23696533,-0.18740862
0.012162043,0.011384937,0.0058418432,0.016555785,-0.22151518,-0.23257716
0.012451729,0.01130316,0.0058025946,0.013601802,-0.23565253,-0.2276539
0.012377702,0.011324202,0.0056416269,0.0086506991,-0.21964021,-0.23710167
0.012610697,0.011337698,0.0056705375,0.013524738,-0.22670783,-0.22570175
0.012981407,0.011807294,0.0057611095,0.0084918703,-0.23944844,-0.22988239
0.01306113,0.01195031,0.0057435392,0.0069589927,-0.24448187,-0.23249159
0.013077545,0.012104212,0.0057629731,0.0037202983,-0.24781909,-0.23987963
0.01300647,0.012064128,0.0057656069,0.0090960615,-0.2532338,-0.21960062
0.013160683,0.012281218,0.0057525186,0.0083363903,-0.24708354,-0.21593287
0.013134136,0.01194958,0.0058158777,0.016004817,-0.26975037,-0.22129962
0.012815422,0.011719594,0.0055695133,0.0081487484,-0.23988347,-0.25003364
0.013059863,0.011827137,0.0056313783,0.0032191412,-0.2501234,-0.22881296
0.013112708,0.011882658,0.0056558779,0.0048212671,-0.23822785,-0.234624
0.01323194,0.011900436,0.0056809988,0.011435123,-0.25266488,-0.21252123
0.013041352,0.012098987,0.0056816328,0.010010613,-0.23105924,-0.22348443
0.013105983,0.011490812,0.0060273265,0.021041629,-0.24860923,-0.2385137
0.012743488,0.011092511,0.0058707787,0.018492083,-0.2276994,-0.27938382
0.013224226,0.011479376,0.0058081058,0.024242597,-0.24176545,-0.26847195
0.013426953,0.011814631,0.0057815445,0.022968771,-0.26039141,-0.25784517
0.013162147,0.011537302,0.0058320982,0.021478083,-0.25921818,-0.22934267
0.010975887,0.011202528,0.0060187924,0.0094324267,-0.18571947,-0.2732123
0.012267725,0.011328432,0.0057439782,0.0032639345,-0.1520673,-0.2867013
0.012700095,0.011525912,0.0057503924,0.013762406,-0.21383043,-0.26754284
0.013653394,0.011677407,0.0055992635,0.0095407323,-0.22571216,-0.26886324
0.013669731,0.011845583,0.0056259497,0.007026495,-0.26065324,-0.23646348
0.013964744,0.012245957,0.0055082181,-0.00059361328,-0.25376021,-0.22040089
0.014126746,0.012314974,0.00550185,0.007501671,-0.28383063,-0.23440098
0.014188545,0.012506209,0.0054754897,0.016587869,-0.28239921,-0.25596006
0.014275505,0.012592974,0.0055403144,0.016075641,-0.29595186,-0.24633817
0.013895899,0.012119117,0.0054908292,0.015374082,-0.2806667,-0.23024783
0.013622226,0.012129901,0.0054179236,0.011138517,-0.2740163,-0.23569429
0.013567652,0.012306882,0.0051940117,-0.0026608564,-0.26775791,-0.23684495
0.013906284,0.012366596,0.0053254879,0.0077030832,-0.29043308,-0.25611343
0.01441482,0.012558277,0.0053171702,0.010114668,-0.28428739,-0.26729679
0.014240051,0.012610836,0.0054738208,0.0046246734,-0.31657903,-0.23839776
0.014448844,0.012838598,0.0053266613,0.0025162568,-0.30173639,-0.22862117
0.014576579,0.012802094,0.0053891062,0.0048730082,-0.32684997,-0.22670132
0.014515745,0.012888459,0.0053023462,0.0055795223,-0.30589507,-0.25888059
0.014220313,0.012397192,0.0054449874,-0.001319153,-0.32835857,-0.25936641
0.01321957,0.011772672,0.0052393436,-0.0069271152,-0.25962958,-0.29849216
0.013597573,0.011924577,0.0052243009,-0.012000698,-0.21297696,-0.29572175
0.014374341,0.012023783,0.0051307972,-0.0020048521,-0.2428467,-0.31401518
0.014593787,0.012303078,0.0051595972,-0.0059008685,-0.24671707,-0.32324829
0.014526005,0.01199873,0.0054373605,0.0018104695,-0.2747492,-0.30085511
0.014424247,0.01142917,0.0055721772,0.0096486618,-0.26087265,-0.29752531
0.015073255,0.011814843,0.005484258,0.010272969,-0.2981768,-0.27772661
0.014962107,0.011887686,0.0053012968,0.0053701146,-0.3035257,-0.29135029
0.015618738,0.01217209,0.0052928757,0.015570619,-0.30374317,-0.29636639
0.015469117,0.012027832,0.0053252689,0.003167374,-0.31976673,-0.3041039
0.01542857,0.011911,0.005264863,0.0052576282,-0.31560245,-0.30288444
0.014893123,0.012133706,0.005397947,0.0079404402,-0.30200734,-0.31410773
0.015320071,0.012189738,0.0052748536,0.011667526,-0.30762157,-0.3295895
0.015270717,0.012162285,0.0052917776,0.013056218,-0.31149567,-0.32642164
0.015565017,0.012242008,0.0053190375,0.010168266,-0.29983621,-0.33820192
0.015202843,0.01227252,0.0054663817,0.0060434602,-0.28473277,-0.30671146
0.015565696,0.012207285,0.0054734722,0.0039721365,-0.2736553,-0.30657056
0.01415624,0.011616175,0.0054226983,-0.013008001,-0.24940518,-0.34052396
0.012889757,0.011731182,0.0055316538,-0.024152896,-0.12459051,-0.4202013
0.014079498,0.011643202,0.0056784788,-0.017895412,-0.18739117,-0.37142809
0.014274413,0.011542158,0.0055443618,-0.011856663,-0.19656603,-0.37476781
0,0,0,0,0,0
0.00065947034,0.00013674398,-4.2147093e-05,0.0065185206,-0.0079154743,-0.011482313
0.0007028874,0.00038992987,-0.00010590798,0.0015626743,-0.051665824,-0.0010067503
0.00093761586,0.00022555688,-0.00024293956,0.0041529981,-0.041915206,-0.024873664
0.0015290047,0.00035417925,-0.0002311356,0.0058645022,-0.061252897,-0.016226372
0.0014606617,0.00061616471,-0.000231116,-0.0025844208,-0.086663155,0.0080110014
0.0013012533,0.00055884259,-0.00024464368,-0.0038692371,-0.086459594,0.016987754
0.0010790222,0.00034680793,-0.00032333565,-0.0070964358,-0.07551415,0.0072575431
0.0013257853,0.00046539891,-0.00033054409,-0.0050880504,-0.081637247,-0.02533346
0.0013457356,0.00043922754,-0.00024562788,-0.00087895324,-0.07658308,-0.031333839
0.0014949391,0.00049213336,-0.00035071141,-0.00080231004,-0.094030105,-0.029776175
0.0020509378,0.00071219219,-0.0003725319,-0.0056069643,-0.099273637,-0.011603455
0.0018783889,0.00079374398,-0.00023970635,-0.0035528918,-0.12002303,0.0050454134
0.0021284374,0.00079211178,-0.00037102349,-0.00036140383,-0.11524932,-0.020728053
0.0020339199,0.00095694626,-0.00031099404,-0.0019995325,-0.14796836,-0.019254817
0.0022482298,0.0010743335,-0.00044032062,-0.0070995898,-0.12145739,-0.034868157
0.0020779277,0.00094170394,-0.00033337695,-0.0022369547,-0.16424015,-0.027827061
0.0015050449,0.00078716101,-0.00025296714,0.00074509195,-0.132253,-0.033427854
0.0018264889,0.00067304588,-0.00013438399,0.0082704583,-0.091553407,-0.034213055
0.002114045,0.00066670786,-0.0002739308,0.003162214,-0.084573792,-0.058150081
0.0024399684,0.0009964868,-0.00039287366,-0.0043259588,-0.10452091,-0.048300298
0.0023854698,0.0011395708,-0.00025723946,-0.0029623105,-0.12041226,-0.039107885
0.0028356177,0.0010339842,-0.00018339731,0.0085939432,-0.10507292,-0.05409929
0.0023948228,0.00034758052,0.00020539763,0.021152291,-0.11809007,-0.021748169
0.0025474967,0.00069574609,-4.9092664e-05,0.011104236,-0.14315811,-0.020905397
0.0033806809,0.00098247344,-0.00018110305,0.010784531,-0.16826375,-0.06532809
0.0030157707,0.00081050392,3.5400855e-05,0.016071006,-0.17902114,-0.060803134
0.0029960813,0.00050206483,-6.474813e-05,0.01552964,-0.14844718,-0.071168383
0.0033330577,0.0006166911,-0.00011537805,0.014577788,-0.1586949,-0.046151516
0.0034334572,0.00068929105,-0.00016037899,0.012010456,-0.15820516,-0.045239743
0.0039450698,0.0009193974,-0.00038714209,0.011790984,-0.18096121,-0.056478428
0.0038886358,0.0010839583,-0.00030101081,0.0073114124,-0.18216015,-0.062504912
0.0038385406,0.001334855,-0.00023945038,0.000604367,-0.1953574,-0.054342392
0.0037158958,0.0013966658,-0.00018176361,-0.00057891912,-0.18393165,-0.036284458
0.0037969271,0.0015513434,-8.7324579e-05,0.0024686158,-0.19165775,-0.015670496
0.0039537864,0.0015656405,-0.00021282295,0.00072384657,-0.19104135,-0.032130737
0.0031178934,0.0010015731,-9.4678031e-05,0.013634214,-0.20515518,-0.053475234
0.0027468645,0.0010331572,-5.2065562e-05,0.012358672,-0.14352485,-0.10232208
0.003488515,0.0012074924,-0.00017370655,0.0034322496,-0.13628909,-0.084008816
0.0038332373,0.0013135414,-0.00016591101,0.0018809376,-0.17085003,-0.069842802
0.0036948322,0.0010434694,0.00015603508,0.009267664,-0.16876743,-0.044020671
0.0036933628,0.00050285205,0.00020732683,0.01968317,-0.18116429,-0.041332841
0.0041024527,0.00090417207,7.4186706e-05,0.017177775,-0.19976453,-0.057874022
0.0043545344,0.0008982779,-6.9801941e-05,0.015393108,-0.20436534,-0.083917018
0.004737409,0.0010050173,-0.00015397212,0.0084273172,-0.19593863,-0.080311797
0.0045842179,0.0010949122,-2.294208e-06,0.00773364,-0.22184253,-0.057746689
0.0043450817,0.0008645913,-0.00026172769,0.0063861735,-0.1952717,-0.044940278
0.0044254823,0.00084856208,-0.00016768525,0.0078703418,-0.20341334,-0.046383059
0.0043559714,0.00090534145,-0.00021058457,0.0060850506,-0.19126758,-0.067722339
0.0044864795,0.0010525792,-0.00018027135,0.0074360688,-0.20414173,-0.071402834
0.0049415819,0.0013147439,-0.00018206263,0.0040394094,-0.21914816,-0.061879759
0.0046019756,0.0013289338,0.00022520126,0.0057132048,-0.21964366,-0.036266174
0.0046913011,0.001124562,0.00029592058,0.01569953,-0.22809229,-0.037939797
0.0049036901,0.0012285803,0.00010150865,0.015139,-0.24668482,-0.075520396
0.0052171471,0.0013254461,0.00022516122,0.014085085,-0.24893662,-0.097814243
0.0053721705,0.0013673849,0.00036759821,0.0099510753,-0.26078079,-0.079016223
0.0052240209,0.00097201308,0.00027677137,0.015256793,-0.23925116,-0.077734274
0.0054277908,0.00081894861,6.8215395e-05,0.012313401,-0.25872154,-0.065529739
0.0051380903,0.0008576629,0.00022446716,0.012503203,-0.24822163,-0.057870104
0.0054474602,0.00096666233,0.00018357071,0.021629676,-0.24780016,-0.10587049
0.0055623924,0.0010022798,0.00035128135,0.026718337,-0.24925909,-0.10912068
0.0054838535,0.00091322303,0.00049081446,0.025795155,-0.25494834,-0.10125122
0.0056701332,0.00098423955,0.00048915388,0.019981051,-0.24380395,-0.080585773
0.0056713171,0.0011111021,0.00048879261,0.014104705,-0.25396616,-0.068444891
0.0056741782,0.0011837377,0.00047009559,0.0078123874,-0.24665368,-0.072580221
0.0054904745,0.0011598266,0.0004872114,0.0011415945,-0.24468447,-0.089885585
0.0052930329,0.00074932725,0.00031921261,-0.00011272301,-0.21917809,-0.11989934
0.0050177486,0.00083083414,0.00033503116,-0.001512969,-0.21790437,-0.11321038
0.0056012588,0.001007962,0.00037200401,0.0043454737,-0.21640645,-0.097227175
0.0057226004,0.0011518242,0.00050382242,0.0032088586,-0.24125192,-0.099023445
0.0053008311,0.00095785052,0.00073889077,0.0082137167,-0.23012151,-0.096148488
0.0052477065,0.00051904753,0.00063701143,0.013377996,-0.24842376,-0.10929713
0.005854185,0.00078451295,0.00041732976,0.015343992,-0.25012605,-0.11692295
0.0058199346,0.00071991992,0.00061569337,0.024351169,-0.26214748,-0.12023561
0.0062851946,0.00092966759,0.00052731008,0.018485485,-0.25598959,-0.106771
0.0057953971,0.00084996219,0.00071398058,0.018035168,-0.27360722,-0.089950241
0.0056781866,0.00054930804,0.00063120398,0.02487863,-0.23197074,-0.12616978
0.0058456022,0.00055127003,0.00071151055,0.023597552,-0.2385202,-0.12829912
0.0062297387,0.00094289638,0.00049052471,0.021787666,-0.23597999,-0.14104398
0.0066505677,0.00083052356,0.0005704065,0.022670471,-0.25302702,-0.12885124
0.0066827375,0.0010639911,0.00069783785,0.016513662,-0.27324832,-0.098377118
0.0064121684,0.0010581815,0.00063907462,0.012484502,-0.2646166,-0.10137415
0.0062602111,0.0010448774,0.00061021438,0.0039654377,-0.26138049,-0.11298742
0.0056938775,0.00090671887,0.00066708726,0.013893024,-0.28132538,-0.13660547
0.0063737773,0.00078516716,0.00068473173,0.021117865,-0.26871727,-0.13973598
0.0061840578,0.0003693038,0.00087983473,0.033163049,-0.31260617,-0.13243092
0.0050641135,0.00021161484,0.00051531658,0.021887599,-0.23447094,-0.14657847
0.0051042292,0.00023888368,0.000396157,0.009016734,-0.19138405,-0.13531344
0.0048810259,0.00013052384,0.00054442262,0.012900944,-0.17778294,-0.19060695
0.0056915584,0.00070026984,0.00060999881,0.010552782,-0.19987139,-0.1706982
0.0062995264,0.00061421713,0.00062392936,0.0210776,-0.22647838,-0.16550175
0.0063236615,0.0010567052,0.00072376423,0.01032705,-0.22661753,-0.11912779
0.0065964074,0.0010441072,0.00066016562,0.020267896,-0.2566972,-0.10679592
0.0070343231,0.001124776,0.00060921049,0.012743521,-0.25247211,-0.093983499
0.0064701599,0.0010836975,0.00075306499,0.016320609,-0.26732003,-0.098568206
0.006214611,0.0010402709,0.00081142855,0.013037418,-0.24888931,-0.10464524
0.0061395905,0.0017242304,0.00036950255,-0.017023535,-0.30639788,-0.095385778
0.0058883633,0.0016511823,-0.00016196247,-0.019774801,-0.31911596,-0.1450022
0.0058724597,0.00057938211,-0.00050856841,0.018439854,-0.30987062,-0.22673793
0.0064105786,0.00037193492,-0.00077359476,0.027993419,-0.32961121,-0.26654835
0.0069304693,0.00067062322,-0.00078923248,0.028022541,-0.32686782,-0.26969434
0.0075520743,0.00094830675,-0.00074206492,0.031721079,-0.35508119,-0.28034189
0.0078674924,0.0011000621,-0.00059671595,0.027937249,-0.36245881,-0.27539139
0.007993604,0.0013821753,-0.00055748933,0.017003536,-0.36954037,-0.2779327
0.0076072409,0.0009774791,-0.00038679854,0.022883125,-0.36491403,-0.25656903
0.0059019982,0.0015592044,-1.8688113e-05,0.024829058,-0.4223896,-0.23054078
0.0046674154,0.0022170908,0.00053089477,0.020650662,-0.18835174,-0.27491793
0.0054539034,0.0024438217,0.00066494433,0.016196704,-0.17765938,-0.2607881
0.0070134799,0.0026107214,0.00047495288,0.016112344,-0.25124158,-0.30481899
0.0071279427,0.0029624789,0.00071396577,0.011511495,-0.27211068,-0.2728014
0.0071823716,0.00337686,0.00073636209,0.0053742336,-0.28462501,-0.25481267
0.0077324914,0.0033397053,0.00080613604,0.0064084262,-0.29862622,-0.24092432
0.0076475264,0.0033841033,0.00099688322,0.0072199132,-0.35504916,-0.24457357
0.007406122,0.0033510304,0.0011055537,0.016112482,-0.34267665,-0.24871418
0.0073657284,0.003126219,0.0010935224,0.019824591,-0.34786583,-0.25756173
0.0076345742,0.0031360082,0.0010519601,0.012281583,-0.35484919,-0.25468871
0.007151735,0.0032741651,0.00091637057,0.0023031681,-0.36818623,-0.23732303
0.0074092919,0.0032555597,0.00062447588,0.0095500287,-0.36781865,-0.27132084
0.0078292702,0.0033222128,0.00065805733,0.0074320699,-0.39353547,-0.30490147
0.00778511,0.0033234514,0.00080644731,0.0082755466,-0.40554212,-0.3124407
0.0079043193,0.0035048371,0.0008626888,0.011543176,-0.4068501,-0.28701142
0.0076175534,0.0036026389,0.00079892214,0.018219302,-0.40635927,-0.25693051
0.0074136258,0.003373905,0.00082114584,0.02616848,-0.39137742,-0.27148314
0.0068641579,0.0030431229,0.00062060002,0.025802262,-0.36902116,-0.30930068
0.0070618003,0.0029905095,0.00047590363,0.029325824,-0.37264347,-0.30494362
0.0070717568,0.0030546143,0.00041796582,0.024998814,-0.37398078,-0.29734665
0.0073325891,0.0032499878,0.0003886347,0.022005601,-0.37810528,-0.30554653
0.0075749594,0.0035363379,0.00037731258,0.016577185,-0.41538178,-0.29396538
0.0075947522,0.0034791678,0.00048480039,0.020217493,-0.40473332,-0.31006904
0.0076755558,0.0035318599,0.00037898364,0.020940402,-0.41516293,-0.31085203
0.0073859887,0.0036137888,0.00075812644,0.027867725,-0.41519238,-0.30587749
0.00632335,0.0030559529,0.0010799523,0.021072298,-0.42022115,-0.28637401
0.006044637,0.0032910103,0.0016136607,0.022425625,-0.43997766,-0.22226375
0.0046657803,0.0027915285,0.0016305579,0.033402469,-0.37491636,-0.2013414
0.0047146835,0.0025302037,0.0014171233,0.043639129,-0.33722772,-0.27377672
0.0052260694,0.0026797914,0.001416046,0.049862088,-0.33705319,-0.29085191
0.0060550711,0.002734336,0.0011767606,0.054399233,-0.36863257,-0.29893202
0.0062511234,0.0031407959,0.001451038,0.049443769,-0.37560262,-0.27136716
0.0063215808,0.0029294951,0.0020413511,0.058279482,-0.38773068,-0.23012112
0.0069423914,0.0032428304,0.0018896021,0.047168085,-0.4452205,-0.20805728
0.0075383188,0.0031406656,0.001922147,0.056414885,-0.44761115,-0.27174906
0.0081694383,0.0034061882,0.0020715978,0.049678944,-0.46769503,-0.26516975
0.0076222632,0.0030912329,0.0025002514,0.05267853,-0.44461893,-0.24633218
0.0063549703,0.0025945658,0.0022017978,0.047222667,-0.40329136,-0.2065845
0.0056430589,0.0030404051,0.0020923385,0.037188467,-0.34135186,-0.23043163
0.0067662586,0.0031786471,0.0018393468,0.048790558,-0.36921548,-0.26140195
0.0075300394,0.003259634,0.0019804677,0.046399398,-0.40914872,-0.27174819
0.0079761722,0.0034287181,0.0020756469,0.044230227,-0.41581442,-0.25828285
0.0083307593,0.0037223467,0.0021321528,0.044566111,-0.44282303,-0.23941635
0.0085593256,0.00373341,0.0020566062,0.046775994,-0.4267163,-0.23875002
0.0082503072,0.0033959565,0.002331818,0.044270092,-0.44034884,-0.25426412
0.0083726802,0.0032014679,0.0023881334,0.048773986,-0.45357656,-0.27275648
0.0086595486,0.0033725176,0.002149103,0.046854488,-0.49159237,-0.27951876
0.0079760332,0.0028981713,0.0022223299,0.067690001,-0.46354483,-0.28237398
0.0081109659,0.0031457783,0.002058664,0.053178531,-0.45143607,-0.2755373
0.008592045,0.0034923141,0.002139118,0.049012288,-0.46572126,-0.2667921
0.009144149,0.0037327155,0.0021109066,0.058212624,-0.47358547,-0.30512241
0.0094222645,0.0039545795,0.0022758387,0.055586311,-0.48213797,-0.31033765
0.0096050017,0.0041515758,0.0022771159,0.058561084,-0.4834584,-0.3215461
0.010156122,0.0042841302,0.0022732633,0.050451459,-0.49554884,-0.30039853
0.009918072,0.0044574486,0.0024761102,0.040201024,-0.52008245,-0.29404051
0.010044037,0.0045584803,0.0025803898,0.041026749,-0.50643931,-0.29853419
0.0086587637,0.003844008,0.0028666501,0.051610459,-0.50061239,-0.26646797
0.0077994453,0.0039290277,0.0026494616,0.037106033,-0.43736169,-0.24218009
0.0080684848,0.0039056963,0.0025220472,0.037862175,-0.43102119,-0.25019962
0.0086034356,0.0037348786,0.0023941505,0.061962903,-0.46009859,-0.28219989
0.0093919866,0.0040701182,0.0024691828,0.050758606,-0.48177146,-0.28604185
0.0096472347,0.0044594665,0.0025148523,0.043958705,-0.51075429,-0.26897692
0.0098470712,0.0045304724,0.0026150739,0.046339034,-0.5125313,-0.25702834
0.010071206,0.0045793998,0.0026224043,0.046302257,-0.50563392,-0.27654991
0.009299045,0.0038696002,0.0028486836,0.061506299,-0.50229853,-0.29248145
0.0094366953,0.0038814148,0.0026336678,0.066079362,-0.51504094,-0.3031663
0.0093521221,0.0038835233,0.0026963885,0.063839953,-0.49468088,-0.31546391
0.0089836829,0.0035677242,0.0024401186,0.055384799,-0.47184294,-0.30985348
0.009212469,0.0036673943,0.0024573495,0.058572176,-0.46298376,-0.30600503
0.0087923167,0.003937303,0.0021939548,0.055113711,-0.40413607,-0.33178144
0.0087250271,0.0043252515,0.0020300679,0.040034355,-0.44947339,-0.3303017
0.0089847438,0.0044103395,0.0023403228,0.043663096,-0.46309927,-0.33103873
0.0089102478,0.0046331405,0.0025614129,0.040885575,-0.49996369,-0.28666884
0.0091052468,0.0046709017,0.0025179041,0.039133663,-0.48763059,-0.26484127
0.0092579443,0.0049286404,0.0025207505,0.036217464,-0.50827572,-0.23300825
0.008950189,0.0047140836,0.002497202,0.039698783,-0.50091845,-0.24969168
0.0085205939,0.0042400457,0.0022354864,0.047290466,-0.49582218,-0.27931074
0.0088264461,0.0044603304,0.0023971631,0.049235195,-0.48463665,-0.31590851
0.0093792692,0.0045797281,0.0021120199,0.039957677,-0.50437595,-0.31659449
0.0096184061,0.0047582036,0.0023700626,0.05036006,-0.50459765,-0.3106247
0.010072687,0.0052307613,0.0026079848,0.039323787,-0.53100475,-0.28460934
0.010069707,0.0053138007,0.0026291823,0.035697701,-0.53513155,-0.29498752
0.0096030454,0.0052021985,0.0030314514,0.036563433,-0.51421691,-0.29907706
0.0093145473,0.0052667593,0.0028505691,0.038968885,-0.5365327,-0.28906907
0.0099503846,0.0053709536,0.0026894732,0.038760059,-0.5372494,-0.30881544
0.0094618482,0.0053870669,0.0027666043,0.039622679,-0.5230019,-0.2757842
0.0075808957,0.0051761767,0.0029368481,0.028841762,-0.37477514,-0.25084185
0.0088519741,0.0049886828,0.0026551785,0.038048775,-0.43357189,-0.24889908
0.0092254111,0.0055042897,0.0026138148,0.033730634,-0.48251287,-0.27152253
0.0093912297,0.0057230629,0.0027842037,0.037771279,-0.51996596,-0.26817481
0.010055486,0.0059454344,0.0028691357,0.0335848,-0.53872992,-0.26950698
0.010586007,0.0060300557,0.0029534561,0.037966705,-0.54572969,-0.26219491
0.010559435,0.0062523399,0.0029661296,0.039792786,-0.5716159,-0.24122845
0.01057509,0.0061911863,0.0030240091,0.041497861,-0.57050569,-0.24435003
0.010547968,0.0062223092,0.0031056797,0.040972346,-0.56723934,-0.28016855
0.010083638,0.0059341685,0.0031634706,0.046499295,-0.54315082,-0.29586277
0.0099339872,0.00591286,0.0028117084,0.035670706,-0.51594861,-0.29048303
0.010379085,0.0060606042,0.0028294617,0.029021252,-0.54165871,-0.27197176
0.01025888,0.0061080899,0.0029758579,0.035177243,-0.5268871,-0.28605194
0.010624078,0.0063849618,0.0030085509,0.034751499,-0.54521334,-0.2942216
0.010750241,0.00647055,0.0029564003,0.037541433,-0.53033203,-0.30981292
0.010655389,0.006718746,0.0031014216,0.042230173,-0.55451926,-0.303044
0.010552637,0.0066756007,0.0031511619,0.040691607,-0.54529259,-0.29069401
0.010589702,0.0067624995,0.0030515943,0.035773086,-0.56190327,-0.28976815
0.010547927,0.0065333148,0.00305914,0.035221959,-0.52605886,-0.30422763
0.010462719,0.0065563456,0.0029402265,0.03266839,-0.5413945,-0.29954691
0.0095077209,0.0062679573,0.0030203799,0.026827493,-0.40321281,-0.30196486
0.0081531283,0.005236026,0.0032566961,0.035116965,-0.32798974,-0.28424903
0.0077808838,0.0053223508,0.003149781,0.039218461,-0.2995623,-0.30211418
0.0086175071,0.005802459,0.0034086922,0.030646542,-0.33250596,-0.28896605
0.0091666987,0.0060190362,0.0031955185,0.023389222,-0.350063,-0.30039596
0.00946708,0.0059547437,0.0033275002,0.027395682,-0.36250841,-0.29486719
0.0097460171,0.0064117742,0.0033295625,0.031777627,-0.3803508,-0.26041808
0.0098615503,0.0064915119,0.0034882503,0.035143693,-0.3983379,-0.23810728
0.0093502724,0.0062386405,0.0035279996,0.036104889,-0.39463671,-0.25273013
0.0095862495,0.0062678976,0.0032968278,0.028464191,-0.37571746,-0.26076666
0.0098337306,0.0064903928,0.0033158134,0.026786936,-0.40220853,-0.25805797
0.010021587,0.0065338687,0.0032511008,0.03121394,-0.40926568,-0.26934469
0.01057235,0.0068473897,0.003216888,0.034343021,-0.43995297,-0.27634661
0.010245107,0.0071791588,0.0033654888,0.02939017,-0.43368406,-0.25911087
0.010133363,0.0070428356,0.0034130205,0.038222195,-0.43483705,-0.2809333
0.010203002,0.007080765,0.0034154412,0.039857869,-0.43185673,-0.27440845
0.01001191,0.0072477955,0.0035295848,0.036926176,-0.46389241,-0.26725787
0.010016339,0.0072171835,0.0035424646,0.038066487,-0.44985684,-0.27019675
0.010257409,0.0072264899,0.0034085464,0.034643247,-0.44190572,-0.28115143
0.010515448,0.0073002889,0.0033835601,0.042931904,-0.4411391,-0.2791237
0.010348069,0.0073713638,0.0034859491,0.048150794,-0.44990975,-0.26621234
0.010509931,0.0073916329,0.0035508576,0.042693222,-0.46168111,-0.24573242
0.010760271,0.0075085338,0.0033866042,0.036652776,-0.47786197,-0.27565004
0.010143018,0.0073737361,0.0036080547,0.05184473,-0.4724301,-0.27599044
0.010183093,0.0073244603,0.0036228031,0.060276314,-0.49545756,-0.26529397
0.010466232,0.0071357884,0.0035900398,0.068823419,-0.51005805,-0.28152247
0.010596391,0.0071261413,0.0036662394,0.070379329,-0.52066015,-0.28307848
0.010283749,0.0072216961,0.0035621805,0.059045231,-0.51458533,-0.27366543
0.010388464,0.0072505383,0.0034810584,0.070043416,-0.49374022,-0.2882439
0.010947042,0.0071982238,0.0034337307,0.078199387,-0.5029543,-0.30087378
0.011062103,0.0072165384,0.0035692338,0.075215823,-0.51142098,-0.29698859
0.011051545,0.0074264863,0.0035874083,0.071462839,-0.51204016,-0.26524654
0.011186714,0.0074969769,0.0036043861,0.073395585,-0.51515703,-0.25155563
0.011282595,0.0074116691,0.0037278274,0.075371195,-0.51516716,-0.25905212
0.011190712,0.007340466,0.0037224266,0.076226171,-0.52294043,-0.27882464
0.011199726,0.007725404,0.0037600164,0.07479011,-0.54346897,-0.26938245
0.010927802,0.007373266,0.0035890578,0.078803123,-0.53380839,-0.27941568
0.010708046,0.0070104078,0.0034291402,0.076070303,-0.51316399,-0.27309462
0.010801433,0.0071656614,0.0032945125,0.069226136,-0.51550411,-0.2809076
0.011058385,0.0069898433,0.0033583488,0.079659849,-0.51116715,-0.28924965
0.011284822,0.007110388,0.0033990839,0.077835255,-0.52667974,-0.28696215
0.011397737,0.0072420324,0.0035666967,0.06934982,-0.52157075,-0.27477815
0.010846846,0.00724196,0.0036451815,0.071058578,-0.5191139,-0.26799815
0.010612296,0.0069496424,0.0034305025,0.07967949,-0.52766699,-0.25671062
0.010721935,0.0067976784,0.0033468402,0.083708307,-0.53658532,-0.2944686
0.011239626,0.0068767168,0.003155009,0.084337862,-0.54922172,-0.31337944
0.011545168,0.0071060976,0.0031305886,0.081396983,-0.56646331,-0.29104875
0.011479527,0.0069478635,0.0033440601,0.085710619,-0.54665668,-0.27398986
0.011606927,0.0071221734,0.0032441257,0.080061509,-0.5699397,-0.25507173
0.01163156,0.0070583312,0.0031328938,0.077627851,-0.56434197,-0.27953631
0.011744348,0.0071706617,0.0031396264,0.072827662,-0.57552344,-0.29576185
0.012051159,0.0070552339,0.0033151799,0.082660963,-0.59981925,-0.289754
0.012032014,0.0070751065,0.0032092141,0.087930216,-0.59248193,-0.28050972
0.012060865,0.0072859139,0.0030755459,0.083347001,-0.59553224,-0.26817832
0.011851239,0.0070695555,0.003213232,0.082932378,-0.5762162,-0.28262394
0.011643481,0.0067599425,0.0032703863,0.08928212,-0.59233055,-0.28446829
0.011924134,0.0068951641,0.0031337272,0.088265028,-0.58229498,-0.3212804
0.011093805,0.0067510597,0.0029040857,0.08075933,-0.60433667,-0.2870716
0.0099806031,0.0065981267,0.0029147299,0.074843053,-0.49800669,-0.30048394
0.0092018159,0.0063425127,0.0033053066,0.057410103,-0.36312521,-0.30947649
0.0096078268,0.0067022601,0.0032405468,0.069720608,-0.39329924,-0.31527299
0.010333979,0.0070135043,0.0031888817,0.072056826,-0.43802268,-0.29890651
0.011018247,0.0073681788,0.0029439105,0.069790938,-0.48955937,-0.29725545
0.011274949,0.0077305969,0.0029485033,0.064251921,-0.49979729,-0.27822603
0.011389119,0.0078079712,0.0030313912,0.075428457,-0.52431608,-0.27439463
0.011590255,0.0078278257,0.0030966028,0.079973576,-0.52369267,-0.27232801
0.01135967,0.0075356439,0.0030449948,0.086903125,-0.52011096,-0.27568577
0.011354192,0.0075922063,0.0029126819,0.077531349,-0.50572015,-0.2882928
0.011722708,0.0078097236,0.0028380076,0.072944951,-0.55298201,-0.28539006
0.011986699,0.0076445952,0.0028196887,0.06916085,-0.55872185,-0.28574098
0.011711345,0.0076460271,0.0029837522,0.065957653,-0.54869542,-0.28752352
0.011515325,0.0072567228,0.0031286854,0.075898034,-0.53339981,-0.28904468
0.011508322,0.0073448986,0.002913994,0.073490945,-0.55206531,-0.27919726
0.011928128,0.0075191823,0.0028342282,0.074579664,-0.55521389,-0.30977136
0.01232287,0.0076511553,0.0027264493,0.073009766,-0.57546528,-0.29892947
0.012845691,0.0077111316,0.0027147111,0.078027035,-0.58974622,-0.3012178
0.012883369,0.0072861882,0.0027025526,0.07169026,-0.57072769,-0.29478623
0.012900224,0.0073404233,0.0026428397,0.061580482,-0.56684333,-0.2808883
0.011515164,0.0071115694,0.0028499629,0.061178634,-0.5056902,-0.28155923
0.011639962,0.0068574226,0.0026017303,0.054088841,-0.51116903,-0.3099585
0.012123659,0.0073303992,0.0028010009,0.06347641,-0.56818634,-0.28818816
0.012650355,0.0071394323,0.002685407,0.065511714,-0.56484266,-0.30704621
0.013161139,0.0070719386,0.0026409596,0.071735299,-0.57851599,-0.29759228
0.013122277,0.0075358963,0.0024477023,0.059398708,-0.59863874,-0.2679354
0.013395744,0.0075370699,0.0026847361,0.066615213,-0.61001222,-0.27482584
0.013234165,0.0072829009,0.0024729441,0.060282904,-0.58189459,-0.286215
0.012035319,0.0070507487,0.0025871665,0.062683419,-0.50976574,-0.31623833
0.012599602,0.0074487822,0.0025531904,0.062511404,-0.50291162,-0.31454596
0.013326054,0.0074648854,0.0022440855,0.057166995,-0.54918268,-0.29112565
0.013458587,0.0075249002,0.0022256381,0.05956854,-0.5691581,-0.28656949
0.013267098,0.0073828404,0.0023626822,0.06252715,-0.58543039,-0.27202803
0.013523981,0.0074038598,0.002259628,0.062117888,-0.58095097,-0.29975214
0.013734894,0.007612533,0.002056026,0.062055645,-0.62058256,-0.30468912
0.014087621,0.0075825318,0.0020917734,0.063722337,-0.63622824,-0.31190605
0.014113255,0.0075747693,0.002120616,0.067808532,-0.64201762,-0.29355924
0.01387479,0.0067670924,0.0021334147,0.074953323,-0.59428134,-0.29682853
0.012846748,0.0068780558,0.0021956464,0.069393309,-0.60005326,-0.28290801
0.012809255,0.0067047566,0.0019982975,0.068986352,-0.54711911,-0.3382434
0.01365227,0.0068423346,0.0018941588,0.077252893,-0.59823606,-0.34465726
0.013744523,0.0067825261,0.0020251387,0.078351949,-0.62361776,-0.34697255
0.014127479,0.0070397847,0.0020333682,0.075500336,-0.63381531,-0.34203346
0.014342808,0.0070099052,0.0023125548,0.083689913,-0.63513299,-0.3552223
0.014547918,0.0063912764,0.0026127845,0.10300337,-0.65264389,-0.35784941
0.014755482,0.0061541616,0.002649988,0.10774527,-0.662143,-0.36159782
0.014874534,0.006007777,0.0026236823,0.12036814,-0.68487057,-0.36300158
0.014746786,0.0060794047,0.0026110224,0.11720552,-0.66903509,-0.34123788
0.015166915,0.0061230786,0.0026127019,0.11579759,-0.69272935,-0.33565598
0.015046022,0.0063895222,0.0026566496,0.10633799,-0.67170336,-0.36194227
0.015397438,0.0065818293,0.0026309384,0.12081876,-0.70694216,-0.38375744
0.015287311,0.0066624791,0.0029199799,0.13154554,-0.69581767,-0.38555168
0.015399721,0.0067599504,0.0031576008,0.1428274,-0.71045174,-0.36819994
0.014986247,0.006820077,0.0032719126,0.13782082,-0.67694749,-0.36232649
0.014945565,0.0068094689,0.0032126675,0.14095933,-0.6953148,-0.3728633
0.01490675,0.0069641964,0.0033630504,0.12495984,-0.67407375,-0.39633698
0.015152198,0.00693132,0.0032011798,0.12690139,-0.71554593,-0.39660461
0.013123852,0.0067026761,0.0031095458,0.094178022,-0.53999979,-0.39928288
0.012655026,0.0067490655,0.0031183581,0.069610982,-0.39400612,-0.39790314
0.014071784,0.0073591272,0.0030121252,0.078992995,-0.50845306,-0.38166339
0.014550701,0.0077323251,0.0030374024,0.081792912,-0.53392427,-0.38207993
0.015185815,0.0080430037,0.0028782011,0.087873434,-0.57065728,-0.3978267
0.015200344,0.008355385,0.0028389574,0.088895785,-0.57916522,-0.40103141
0.015391949,0.0086496724,0.0028765303,0.098508467,-0.61444623,-0.38044458
0.015550821,0.0089552998,0.0028767192,0.10041264,-0.61455025,-0.36315034
0.015763914,0.0089090114,0.0030109872,0.10699218,-0.62758727,-0.34339263
0.014784716,0.0085973693,0.0029337639,0.098840201,-0.6323679,-0.35626076
0.014381459,0.0086595732,0.0028620882,0.080177337,-0.53826608,-0.37824778
0.014427481,0.0089378932,0.0028855562,0.075214668,-0.53053433,-0.36894406
0.014844823,0.0087456407,0.0027814937,0.090086951,-0.55868197,-0.38995883
0.015575075,0.0088747754,0.0029262325,0.10118205,-0.56635939,-0.37597346
0.015932993,0.0089583695,0.0030209074,0.10554444,-0.59393388,-0.36524543
0.016237065,0.0089280118,0.0030752474,0.10045071,-0.60881167,-0.36236435
0.016371467,0.0089426347,0.0029000257,0.1045412,-0.64476199,-0.37786689
0.016697821,0.0088500528,0.0028475601,0.1115182,-0.67876989,-0.3957425
0.016985894,0.0085400295,0.0029605805,0.11998728,-0.70787772,-0.41040704
0.016727617,0.0081819403,0.002998738,0.1266947,-0.67929375,-0.41936514
0.017013677,0.0080963143,0.0028351361,0.12635948,-0.69146864,-0.41184894
0.017340912,0.0083319603,0.0027735633,0.13067815,-0.70513756,-0.40094668
0.01737661,0.008240943,0.0027737003,0.1269524,-0.70211345,-0.4036731
0.017382659,0.008149674,0.0026474205,0.12229125,-0.69430448,-0.42084321
0.017262147,0.0078530034,0.0027343033,0.118901,-0.69024665,-0.4249901
0.016074406,0.0077022124,0.0029588789,0.12561998,-0.64630529,-0.41601985
0.016085233,0.0074357937,0.0028092944,0.11250049,-0.59772677,-0.42480501
0.015951249,0.0070238649,0.0025318447,0.11286921,-0.58366007,-0.43136401
0.016722438,0.0071139432,0.0028592344,0.12024059,-0.60004311,-0.43088227
0.016478099,0.0072741728,0.0028540239,0.10808184,-0.58312215,-0.42962952
0.016782376,0.0072415452,0.0027405464,0.092837712,-0.56173843,-0.43584517
