0,0,0,0,0,0
-0.00036900285,-0.00015328064,6.2586701e-05,0.00012523077,0.014441645,-0.025628041
0.00056145673,-0.00013602623,0.00025010506,-0.0013329067,0.030971388,-0.057096158
0.00046465674,-0.00018531663,-0.00025756244,-0.0021683365,-0.02066184,-0.021010615
0.0011444651,-0.00021372317,-0.00016026893,-0.006703346,-0.0023664521,-0.053343287
0.0014825972,-0.00023012136,-0.00027606342,-0.0011199331,-0.034305387,-0.025223744
0.0017139024,6.755696e-05,-0.0001425564,-0.0082012066,-0.036162771,-0.03401105
0.0013953108,1.6509407e-05,-0.00034500149,-0.01498029,-0.040343249,-0.027681885
0.0017660347,0.0004004277,-0.00042128947,-0.034863227,-0.041290964,-0.039814758
0.0023701773,0.00035191234,-0.00052021279,-0.037650758,-0.058625618,-0.062994767
0.0020866402,0.00018482307,-0.00050234532,-0.037362946,-0.061170874,-0.068928371
0.0024108746,9.3586733e-05,-0.00062910336,-0.039360563,-0.068357523,-0.072365328
0.002595115,-0.00017114429,-0.00079845292,-0.03845059,-0.076574537,-0.081173837
0.0030927268,7.6561461e-05,-0.00084521878,-0.049622591,-0.075076018,-0.078386208
0.003041189,0.00041542574,-0.00076499865,-0.059336383,-0.068788668,-0.067924277
0.0034213074,0.00042536832,-0.00075247454,-0.067030763,-0.075768388,-0.065415511
0.0031436081,0.00027534055,-0.00093922343,-0.066353484,-0.075041367,-0.050200919
0.0031479372,-8.2716672e-05,-0.0011077225,-0.071198664,-0.086422877,-0.06564533
0.0030495324,5.4480158e-05,-0.0010938149,-0.070312399,-0.088362325,-0.054051307
0.003504175,-4.2754052e-05,-0.0012736605,-0.070372286,-0.098316899,-0.073947115
0.0032324605,-4.3340084e-05,-0.0010807968,-0.065116871,-0.11213814,-0.063444262
0.0035125239,-7.3739408e-05,-0.0010385327,-0.069632195,-0.096959507,-0.066739684
0.0034470753,-1.1423032e-05,-0.0011361835,-0.065899632,-0.10778113,-0.054017916
0.004064983,0.00029152585,-0.0013969903,-0.089343059,-0.10468221,-0.077915554
0.0032780783,0.00027809113,-0.0015168385,-0.090591869,-0.089058875,-0.085011734
0.0045618729,0.00048251642,-0.0012108483,-0.091810792,-0.11473666,-0.11888588
-0.0011447095,0.00067311298,-0.001329949,-0.0904085,0.0072501938,-0.030693097
-0.0019752866,0.00065543133,-0.0016249289,-0.10052774,0.038502932,-0.033203945
0.00091126758,0.00080492443,-0.0014937796,-0.10240475,-0.050893193,-0.040224111
0.00097789454,0.00059885671,-0.0014915599,-0.097462447,-0.043523983,-0.043056932
0.0020652334,0.00058419814,-0.0015334474,-0.088313043,-0.10207635,-0.029860948
0.0014801115,0.0008545687,-0.0014812667,-0.10165055,-0.07000604,-0.019623671
0.0020079942,0.00085462345,-0.0017133997,-0.10516317,-0.070057175,-0.067848038
0.0024980523,0.00089488197,-0.0015862603,-0.10419609,-0.07948081,-0.083684359
0.0030785619,0.00086079582,-0.0015581379,-0.10119805,-0.086998105,-0.079174803
0.0031127108,0.00076574605,-0.0017127099,-0.10301905,-0.08713836,-0.072685437
0.0033531956,0.0012324981,-0.0017900267,-0.11778774,-0.10145845,-0.049852274
0.0021977612,0.0015951377,-0.0015943419,-0.12013547,-0.04906508,-0.05231143
0.0022731295,0.0014246811,-0.0016700189,-0.11829878,-0.016622211,-0.10550797
0.0024663709,0.001597154,-0.0018829577,-0.11418434,-0.075915515,-0.081788654
0.0032482297,0.0015491902,-0.0016437863,-0.11367328,-0.072177437,-0.096011076
0.0034973535,0.0017873871,-0.0016972275,-0.12032543,-0.082007876,-0.06449698
0.0043615294,0.0017103026,-0.0017809298,-0.120726,-0.099049867,-0.064969304
0.0045422688,0.0019584406,-0.0017492664,-0.12786161,-0.11450582,-0.053119737
0.004911165,0.001911823,-0.0018163576,-0.13032167,-0.10720657,-0.070711777
0.0049697455,0.0020520573,-0.0019441241,-0.13245232,-0.11007996,-0.069494677
0.0051099451,0.0020710776,-0.0018277055,-0.13553632,-0.095735196,-0.091822479
0.0053508405,0.0021157292,-0.0020394492,-0.13379177,-0.10068982,-0.079243216
0.0054201309,0.0021511452,-0.0019171708,-0.13869044,-0.10915467,-0.098678624
0.0053469991,0.0022110624,-0.0019091305,-0.13395305,-0.12918339,-0.074932023
0.0058748438,0.0021962567,-0.0018850695,-0.13945854,-0.13807791,-0.081410549
0.0057461831,0.0022696185,-0.0018002716,-0.13255841,-0.13761307,-0.071660377
0.0065710883,0.0022900932,-0.0016908351,-0.13500878,-0.1394185,-0.069307533
0.0061049165,0.0021657452,-0.0019190012,-0.13107792,-0.13548955,-0.053768074
0.0064484926,0.0022903366,-0.0016558835,-0.1406712,-0.12646255,-0.10038767
0.0062482051,0.0023386618,-0.0018041218,-0.14187494,-0.12662125,-0.092377431
0.0065817519,0.0022616764,-0.0018044214,-0.14036059,-0.12825982,-0.12928192
0.0062076669,0.0026032844,-0.0018170513,-0.1425234,-0.12352571,-0.11595655
0.0056860569,0.0028649333,-0.001711945,-0.1428512,-0.10238848,-0.12198434
0.0063572688,0.0025827193,-0.0016390415,-0.12930982,-0.14235821,-0.12272167
0.0061247411,0.0026190166,-0.001574649,-0.139258,-0.12477301,-0.12189846
0.0063019222,0.0025918376,-0.0017937514,-0.13445264,-0.13689569,-0.10018351
0.0071150132,0.0025731593,-0.0016828083,-0.13908401,-0.14522684,-0.11712392
0.0066220407,0.0026619239,-0.0016802361,-0.14088645,-0.144646,-0.090927647
0.0072146559,0.0028708964,-0.0017106475,-0.15091118,-0.1323746,-0.11159676
0.0063028097,0.0026490832,-0.0018129475,-0.15077276,-0.12433546,-0.1060266
0.0059532522,0.0027631194,-0.00121814,-0.13420339,-0.087647054,-0.11965016
0.0062397015,0.0025693785,-0.001474171,-0.13267217,-0.10820178,-0.10535588
0.006735962,0.0024441014,-0.0014512907,-0.13636651,-0.11331904,-0.12687627
0.0065633065,0.0025179589,-0.0015448635,-0.13921169,-0.10039879,-0.11815551
0.0070458128,0.0024606392,-0.0016220979,-0.13880191,-0.093712511,-0.12684298
0.0068581996,0.0026220683,-0.0018145448,-0.14099341,-0.10435407,-0.11823317
0.0073891937,0.0028185928,-0.0016332026,-0.14559403,-0.10932064,-0.11883729
0.0066620192,0.0028556319,-0.0017929521,-0.14302945,-0.1229087,-0.081884584
0.007722951,0.0029591509,-0.0014259328,-0.14896991,-0.12648742,-0.15454734
0.0047069846,0.0024725229,-0.00082931959,-0.094211198,-0.071258416,-0.072059571
0.0039573869,0.0020733958,-0.00066569546,-0.080287246,-0.029711062,-0.10735758
-0.0039572332,0.0011194114,-0.0011110077,-0.074578709,0.14372328,0.014947323
-0.013489708,0.0007429909,-0.0017377508,-0.095067127,0.34282585,0.15189702
-0.0074463278,0.0014513854,-0.0016309021,-0.10690904,0.19738872,0.087560304
-0.005726968,0.001561779,-0.0017610998,-0.11287748,0.15810444,0.068034166
-0.0028950262,0.0016365735,-0.0017235725,-0.10949637,0.080622044,0.048187363
-0.0019286855,0.0019433463,-0.0017419466,-0.1239033,0.055911079,0.06797042
-0.00035496245,0.0021378617,-0.0016418694,-0.12799019,0.03050911,0.036747449
-0.00071095433,0.0017867179,-0.00134577,-0.11008106,0.049066544,0.025718914
0.00047660595,0.001667701,-0.00065164697,-0.095593232,0.04307877,-0.025233551
0.00047752003,0.0015759287,-0.00098598249,-0.099829723,0.03918214,0.00038354068
0.0012249874,0.0013419909,-0.00080497367,-0.094708516,0.033680183,-0.037606507
0.00083434017,0.0014475185,-0.00077493004,-0.094272951,0.038145326,-0.027362386
0.0016631141,0.0016002508,-0.00085693988,-0.094120642,0.016498407,-0.024239743
0.001825289,0.0015657332,-0.00098105463,-0.095378941,0.012665082,-0.0084907106
0.0019715146,0.0018835106,-0.00079196451,-0.10280564,0.0085501131,-0.017397872
0.001669367,0.0018230066,-0.00076358739,-0.097921341,0.023291856,-0.0094063519
0.002400458,0.0018069949,-0.00083633778,-0.099558567,0.0027469047,-0.042127976
0.0020685816,0.0019333472,-0.00072335097,-0.10429341,0.01647271,-0.040639363
0.0025701111,0.0016692857,-0.00064701067,-0.089013524,-0.0039958791,-0.043428899
0.0024162215,0.0017931756,-0.00066190371,-0.099892565,-0.00039776327,-0.038106085
0.003077776,0.0019463513,-0.00062507549,-0.10473514,-0.011615874,-0.050163757
0.0027935651,0.0019831958,-0.00096276987,-0.11340046,-0.0020733509,-0.047359292
0.0036821776,0.0019599264,-0.00091907921,-0.10888691,-0.029827827,-0.075116386
0.0034287341,0.0020650593,-0.00096452052,-0.11451683,-0.010047088,-0.062669333
0.0035652505,0.0018403711,-0.0011980505,-0.119071,-0.019594463,-0.087308058
0.0029141485,0.0019198792,-0.0013774395,-0.12450473,-0.012528719,-0.06449729
0.0043616936,0.0019152361,-0.0010029989,-0.11291057,-0.02672326,-0.099250665
0.001406931,0.0018067382,-0.00098849021,-0.10576082,0.019076303,-0.033570909
-0.012575274,0.0025376993,-0.00094196898,-0.12046391,0.31264504,0.1471988
-0.0098432125,0.001928383,-0.001047963,-0.11732449,0.26907362,0.10610823
-0.0060565852,0.0015138957,-0.0016992634,-0.12255321,0.16375182,0.044730905
-0.0048275925,0.001724023,-0.0016167618,-0.12941459,0.15816395,-0.0021850248
-0.0019240017,0.0017813563,-0.0015328777,-0.12522956,0.08405954,-0.012553497
-0.0015785444,0.0021393926,-0.0013778888,-0.12842425,0.090565664,-0.016344617
0.00073212064,0.0018577882,-0.0014318386,-0.1260518,0.015336702,-0.023982608
-8.1350981e-05,0.0021346034,-0.0011527411,-0.12770432,0.039557005,-0.009170529
0.0027823376,0.0014643947,-0.0012267328,-0.1100352,0.01134309,-0.12444978
-0.0078544757,0.0020012895,-0.0014405889,-0.12383155,0.25326333,0.019833657
-0.014888112,0.0022716559,-0.0017249446,-0.1412751,0.36688745,0.15292535
-0.0095358309,0.0021149611,-0.0016891693,-0.14476338,0.25441272,0.071968073
-0.0085948878,0.0021287767,-0.0017825776,-0.13556708,0.21020419,0.071844383
-0.0050873787,0.0019103297,-0.0017639051,-0.1331092,0.14165714,0.012263705
-0.0043502487,0.0019696444,-0.0018833435,-0.13791087,0.12760341,0.017691946
-0.0033579636,0.002091817,-0.0015992907,-0.1386184,0.13337375,-0.0036115957
-0.0037029577,0.0022624675,-0.001877362,-0.14040233,0.12205264,0.016043587
-0.0024431477,0.0020908824,-0.0017102465,-0.1457934,0.14822228,-0.062327481
-0.0023113318,0.0020305676,-0.0022211433,-0.1334329,0.053710142,-0.00019298947
-0.0026172481,0.0023030835,-0.0022775722,-0.13518541,0.091684042,-0.020280768
-0.0035018648,0.0027550464,-0.001845296,-0.15921594,0.19650295,-0.061706475
-0.0023898097,0.0023516681,-0.0020379345,-0.14938703,0.12189096,-0.050741875
-0.0023345399,0.0025454044,-0.0019311112,-0.16205353,0.12580745,-0.05002702
-0.0016365761,0.0023892734,-0.0018756756,-0.14943873,0.10813351,-0.030353297
-0.0015574784,0.0023839273,-0.0018646577,-0.1515006,0.10359598,-0.027603499
-0.00080212271,0.0023639963,-0.0017801129,-0.14950996,0.075624309,-0.014253338
-0.001150967,0.002533078,-0.0016483702,-0.15160572,0.09553227,-0.0023229182
-0.00031724171,0.0024705174,-0.0014816856,-0.14703858,0.086085056,-0.017153785
-0.00056757219,0.0026030187,-0.0018348703,-0.15953135,0.043518872,-0.045726982
0.0011980889,0.0029319243,-0.0017449215,-0.16333961,0.053552187,-0.093690614
0.0017253037,0.0028516404,-0.0016297756,-0.15520729,0.069141782,-0.08589003
0.0021170627,0.0028951455,-0.0018895803,-0.15823403,0.023012854,-0.09258022
0.0019667833,0.0028894763,-0.0015288166,-0.15194667,0.065747806,-0.099839035
0.0029925654,0.0028758938,-0.0018019307,-0.15294753,0.03225169,-0.10994742
0.003212677,0.0029562277,-0.001658285,-0.1559846,0.035970209,-0.11686618
0.0038692221,0.0030002159,-0.0016508551,-0.16222287,0.023534669,-0.12216997
0.0031321436,0.00286265,-0.0017032002,-0.15388631,0.040237123,-0.10983609
0.0037284541,0.0028758292,-0.0015281682,-0.15172618,0.041585514,-0.14812197
0.0038166901,0.0030385507,-0.0012709024,-0.14435041,0.049013411,-0.13332931
0.0040467151,0.0028970622,-0.0015652135,-0.14554092,0.042628557,-0.1273636
0.0041368855,0.0027273306,-0.0015205152,-0.13894954,0.043902719,-0.13706889
0.0046512522,0.0028563722,-0.0015755112,-0.14586801,0.044726428,-0.13773183
0.0047368529,0.0028072181,-0.0016200067,-0.14061379,0.039525402,-0.12932704
0.0052270145,0.0029296127,-0.0017661706,-0.15613622,0.022503878,-0.13844988
0.0053387508,0.0030902663,-0.0015246603,-0.15586094,0.010250311,-0.13513789
0.00562386,0.0031692809,-0.0015519788,-0.15856657,0.0038243368,-0.14516891
0.005068618,0.0031059396,-0.0014602459,-0.14805212,-0.00028679194,-0.15387531
0.0056089763,0.003124094,-0.0013644121,-0.15039969,-0.0085481594,-0.16386462
0.0054328601,0.0033084128,-0.00099148466,-0.13934768,0.0036451837,-0.1607787
0.0052193621,0.0032904143,-0.0012387562,-0.1420065,0.016197403,-0.18002417
0.0052520638,0.0031160145,-0.0012259087,-0.13635492,0.0077463577,-0.15776797
0.0058397142,0.0032802028,-0.0012893098,-0.14614592,0.007621703,-0.16753238
0.005803999,0.0033287265,-0.0013719086,-0.1446137,0.0028132276,-0.14150486
0.0063276094,0.0032385439,-0.0016170996,-0.14540418,-0.0049577871,-0.1537582
0.0055502658,0.0034320687,-0.0013072865,-0.14402029,-0.007727243,-0.11298242
0.0043887166,0.0031523283,-0.0015453415,-0.1451102,0.069365046,-0.20157888
0.0035848568,0.0031369199,-0.0016337369,-0.14981583,0.041250198,-0.15799488
0.0042983633,0.0031568412,-0.0015842352,-0.16222129,0.08637338,-0.22376681
0.0023582948,0.0036349779,-0.0015920145,-0.16123086,0.077680959,-0.1848572
-0.010709001,0.0041366201,-0.0013263829,-0.1686896,0.37878128,0.022258378
-0.0095453874,0.0041826026,-0.002223082,-0.19458929,0.32029167,0.034063851
-0.0054494145,0.0041235796,-0.0023921177,-0.1978365,0.20831071,-0.0065982958
-0.003314498,0.0041564332,-0.0024048455,-0.19805751,0.15587674,0.0062167273
-0.001697251,0.0042608888,-0.0024584458,-0.20223664,0.12202457,-0.007543376
-0.0014647241,0.0040267497,-0.0025273902,-0.1999936,0.11733082,-0.026760787
-0.0013735324,0.0041614004,-0.0024490052,-0.19975133,0.11657834,-0.059199942
-0.0011227687,0.0038465057,-0.0025298118,-0.19420079,0.12457427,-0.070144032
-0.00084023859,0.0040903039,-0.0027764413,-0.19748094,0.0993388,-0.05038632
-0.00012835559,0.004057342,-0.0027876584,-0.20733805,0.12043121,-0.078293391
0.00030261786,0.0038290608,-0.0028393894,-0.19716704,0.10184842,-0.065294511
0.0010078711,0.0039561878,-0.0028243528,-0.20483725,0.091256238,-0.069463648
0.001288616,0.003929266,-0.0027394438,-0.20069017,0.062743462,-0.062898282
0.0011078595,0.0041072423,-0.0027035231,-0.21014026,0.068880942,-0.067579773
0.00131096,0.0039427025,-0.0027105892,-0.20236055,0.057354745,-0.060585514
0.0014237356,0.0039775792,-0.002825592,-0.20612653,0.054900494,-0.053949698
0.0016799193,0.0040348185,-0.0028269345,-0.20789806,0.036683043,-0.064803649
0.0012081583,0.0041220223,-0.0027102034,-0.21363042,0.050536168,-0.052841649
0.0014917579,0.0039817705,-0.0027523905,-0.21230129,0.050999529,-0.052362367
0.0018030621,0.0038578256,-0.0029381427,-0.21458254,0.050009585,-0.06277747
0.0018663194,0.0038380007,-0.0029519047,-0.21658671,0.040141262,-0.070758465
0.0023091493,0.0040056722,-0.0030119354,-0.22591603,0.050551671,-0.086235787
0.0023212829,0.0040260943,-0.0030720753,-0.2229878,0.065837046,-0.10941089
0.0016413994,0.0038474206,-0.0031843469,-0.22471896,0.087468306,-0.1043526
0.00033212306,0.0039167053,-0.0033913659,-0.22934129,0.096480617,-0.11217078
0.00099934302,0.0038769594,-0.0032807236,-0.2325041,0.088789787,-0.12233625
0.0011772339,0.0036647095,-0.003208403,-0.22156752,0.062095328,-0.11228821
0.0015720248,0.0037790337,-0.0030056464,-0.22585665,0.069185447,-0.12419464
0.001735003,0.0038835386,-0.0030587242,-0.22775209,0.05950041,-0.10120734
0.0018098921,0.0038866722,-0.0031252167,-0.22329929,0.079595885,-0.096053779
0.0014834483,0.0038353542,-0.00318816,-0.22623487,0.070538757,-0.094374051
0.0014929776,0.0038930428,-0.0031376541,-0.23587069,0.087571158,-0.13397119
0.0018776101,0.0036903548,-0.0032932713,-0.23021731,0.066345533,-0.1359856
0.001976042,0.0037341702,-0.0031856338,-0.23508333,0.061057681,-0.14080157
0.0013989732,0.0038203239,-0.0032825679,-0.23742637,0.059477548,-0.11768913
0.0020499014,0.0038771177,-0.003250702,-0.23331459,0.069899961,-0.12936753
0.0020109707,0.0039130561,-0.0033186114,-0.23225316,0.053120133,-0.11786642
0.0023176202,0.0039930395,-0.0032367073,-0.23680556,0.046642421,-0.12929652
0.0023041383,0.0036148806,-0.0034487344,-0.23302792,0.039469162,-0.12173036
0.002617191,0.0036169332,-0.0034928052,-0.23625963,0.034344726,-0.13156994
0.0024605947,0.0039312775,-0.0033814714,-0.23835784,0.036783614,-0.10485704
0.0025454031,0.0040619061,-0.0035620973,-0.24840045,0.041019109,-0.09274903
0.0023831829,0.0039181427,-0.0035954647,-0.24592384,0.041525693,-0.12216922
0.0026292472,0.0039922546,-0.003564516,-0.25318876,0.048418763,-0.14189173
0.002665027,0.0039264625,-0.0035718379,-0.25241374,0.052546772,-0.13355033
0.0028626613,0.0038603472,-0.0036554267,-0.25175049,0.048618265,-0.13940218
0.0026708587,0.0039713802,-0.0036811329,-0.25471506,0.036151876,-0.11831862
0.002779425,0.0040571154,-0.0034770522,-0.2558722,0.03339272,-0.13158581
0.0029310103,0.0040489965,-0.0035893172,-0.25063837,0.018439148,-0.11788002
0.0029159762,0.0043747676,-0.003434021,-0.26797807,0.031240051,-0.14591647
0.0027292657,0.0041875972,-0.003601554,-0.25825566,0.029216502,-0.11826806
0.0034002204,0.0043084825,-0.0038943443,-0.27453021,0.034361715,-0.17990193
0.0037013898,0.0047364966,-0.0039242612,-0.28345665,0.0216193,-0.17761777
0.0041786008,0.0048136268,-0.0039185024,-0.27910842,0.022770786,-0.17179259
0.0044254153,0.0050078504,-0.0036513719,-0.27847408,0.018527757,-0.17596793
0.0044436817,0.004864107,-0.0036202067,-0.27385272,0.017188868,-0.14777228
0.004146383,0.0049064439,-0.0035461927,-0.27504556,0.0081680359,-0.14874841
0.0048411539,0.0049053208,-0.0035117487,-0.27132496,-0.0054063137,-0.16598356
0.0048072162,0.0049205551,-0.0036014361,-0.2758136,0.0012258781,-0.16717397
0.005308853,0.0049506945,-0.0037767939,-0.27434802,-0.013064168,-0.16284305
0.0049158804,0.0048526487,-0.0037463415,-0.2696126,-0.0090379068,-0.16616392
0.0060464737,0.0049232265,-0.003723225,-0.27897269,-0.014323642,-0.18346992
0.0026441488,0.0049611537,-0.0038428589,-0.2780457,0.03456687,-0.12801469
-0.0086249269,0.0046763585,-0.0036595544,-0.27545126,0.30017701,0.0059760705
-0.0067454745,0.0045886973,-0.0039311731,-0.28842093,0.26312826,-0.057858621
-0.0050556059,0.0047354448,-0.0040093059,-0.28425448,0.21484122,-0.053697614
-0.0025618782,0.0045106129,-0.0039991072,-0.28180379,0.15678503,-0.071480087
-0.0027070429,0.0045710432,-0.0041455979,-0.28373033,0.14676693,-0.043391072
-0.0021268846,0.0045580496,-0.0039686918,-0.27788086,0.13936909,-0.063988322
-0.001764465,0.004820362,-0.0040957459,-0.28279823,0.14016617,-0.074276852
-0.0016238091,0.0045966395,-0.0041548114,-0.28475823,0.13774173,-0.095593271
-0.00036689585,0.0045213754,-0.0042790059,-0.285872,0.10033337,-0.11731484
-0.00049444278,0.0044058861,-0.0042358496,-0.28769005,0.092083628,-0.099452413
0.00012476458,0.0045171407,-0.0041906902,-0.28744681,0.081802412,-0.083898143
0.00038579668,0.0045217732,-0.0042623112,-0.28357222,0.08410609,-0.099132152
0.00055124572,0.0044948581,-0.0042817531,-0.28362134,0.078424851,-0.11514843
0.00031614603,0.004524151,-0.0042845241,-0.28647849,0.075516616,-0.11067556
0.00047986974,0.0045487894,-0.004247645,-0.28620765,0.08439281,-0.096458494
0.00070374518,0.0046573898,-0.0042602271,-0.29023158,0.075894558,-0.10109843
0.00084731664,0.0046900838,-0.0042860769,-0.28990414,0.075633861,-0.095508886
0.0010951359,0.0049507174,-0.0042194237,-0.29386807,0.052949249,-0.089458566
0.0013683991,0.0050856646,-0.0041324346,-0.30088119,0.053636444,-0.087900561
0.00068305542,0.0049639703,-0.0041160305,-0.29078884,0.058884482,-0.069537564
0.00050541255,0.0047829419,-0.0043278237,-0.29189845,0.069302117,-0.090228616
0.00053725117,0.0047957836,-0.0044544565,-0.29943,0.073839167,-0.10264088
0.00087846385,0.0048717002,-0.004467063,-0.30551057,0.063334369,-0.10886739
0.0011872972,0.0050128804,-0.0043499814,-0.30586343,0.053566758,-0.096556274
0.0013653856,0.0050713531,-0.0043667219,-0.30907133,0.045185888,-0.087770229
0.0011054783,0.004941788,-0.004254325,-0.30461975,0.055021836,-0.10543545
0.0011806357,0.0050199426,-0.0042482876,-0.30611781,0.068857992,-0.117539
0.0012471181,0.0050241903,-0.0043400948,-0.31126077,0.063822696,-0.097814818
0.0011998381,0.0050058524,-0.004313842,-0.30974097,0.069359954,-0.10274256
0.00095670698,0.0050152388,-0.0041508455,-0.30843536,0.072008977,-0.10352687
0.00094207147,0.0049891347,-0.0040797143,-0.30102627,0.099100884,-0.12915098
0.0013392985,0.0049465612,-0.0042260491,-0.29798818,0.093269872,-0.12453297
0.00060065129,0.0048675794,-0.0042366085,-0.30241077,0.088756085,-0.14204046
0.00073756273,0.0047696704,-0.0044351517,-0.29924467,0.081857503,-0.1290245
0.0010648951,0.0048156899,-0.0044699295,-0.30291487,0.058994854,-0.11696656
0.0013573133,0.0050170962,-0.0041877589,-0.31058959,0.06540063,-0.11883386
0.0014729795,0.0048671257,-0.0043235399,-0.30989522,0.052572965,-0.11091432
0.0018370277,0.004936811,-0.0044820211,-0.31337321,0.035977356,-0.11516677
0.0018595549,0.0052504641,-0.0043544468,-0.3254481,0.042554927,-0.11937075
0.0013411343,0.005386154,-0.0045364312,-0.33543605,0.069268387,-0.12709114
0.00047854705,0.0052512673,-0.0049187585,-0.32856054,0.066817687,-0.11432498
0.0018497161,0.0053273314,-0.004610367,-0.33542632,0.065343679,-0.15637118
0.0016089594,0.0053495447,-0.0044629615,-0.32137925,0.047102842,-0.13394014
0.0021000322,0.00549205,-0.0044248695,-0.32638378,0.056155492,-0.14354364
0.0019566963,0.0053506769,-0.0046035995,-0.31959352,0.039400746,-0.12804355
0.0024661509,0.0054480924,-0.0044887526,-0.32567833,0.044892839,-0.13897332
0.0019592638,0.0053574401,-0.0045619646,-0.32003453,0.027520605,-0.11947545
0.0021754774,0.0054691287,-0.0045599249,-0.32975534,0.046922746,-0.13014177
0.0023486468,0.0054150916,-0.0046929118,-0.32972392,0.031856442,-0.11468464
0.0022631275,0.0054789394,-0.0047593377,-0.33915854,0.037979915,-0.10914416
0.0023395427,0.005577239,-0.0046079322,-0.33866725,0.019449723,-0.11245409
0.0021761444,0.0055973409,-0.0043818194,-0.33164232,0.032597115,-0.11472505
0.0016604482,0.0055282576,-0.0044516242,-0.32708884,0.031511135,-0.077585429
0.0025168358,0.0055808224,-0.0045509686,-0.33651117,0.03185233,-0.11499157
0.0017531151,0.005515968,-0.0046939018,-0.3379561,0.036184498,-0.077755641
0.0018014307,0.0052410601,-0.0045839215,-0.33771597,0.051162327,-0.12023178
0.0018860671,0.0055236832,-0.0046262357,-0.34334486,0.036278589,-0.11386986
0.0025357524,0.0056134929,-0.0045075134,-0.33732604,0.046129023,-0.14412103
0.0017557956,0.0055787283,-0.0045693197,-0.32985938,0.04041126,-0.099474068
0.0024650651,0.0055615565,-0.0045019987,-0.34179266,0.051107128,-0.14910077
0.0013095218,0.0055508499,-0.0049016659,-0.32082856,-0.027526932,-0.0076189301
0.0013984795,0.0061096453,-0.0048332296,-0.32365364,-0.012346949,0.025811116
0.0028871108,0.0064946149,-0.0044828232,-0.34560538,0.075161235,-0.10483402
0.0026955121,0.0064866268,-0.0047032935,-0.3391437,0.043790524,-0.086585021
0.0033488016,0.0063224258,-0.0046320207,-0.33576241,0.043486519,-0.11487652
0.0034713264,0.006296628,-0.0046076204,-0.33162501,0.025033105,-0.082043747
0.0034216197,0.0063032513,-0.0044251323,-0.33166239,0.021095314,-0.08080232
0.0036876749,0.0064733847,-0.0045428343,-0.33347487,-0.003418803,-0.025864271
0.0030851862,0.0063606935,-0.0045710199,-0.33724628,0.021537337,-0.051754383
0.002615466,0.0063654082,-0.0045700262,-0.34004431,0.020664022,-0.05070313
0.0028650639,0.0062952661,-0.0045073798,-0.33458319,0.015741973,-0.069521312
0.0022091943,0.0062624791,-0.0045639761,-0.33848364,0.029908015,-0.056700008
0.003157451,0.0063303464,-0.0045774482,-0.33676254,0.013317658,-0.081523658
0.0031235176,0.0063665359,-0.0045632737,-0.33358467,-0.0019595604,-0.072143782
0.0035488994,0.0063763441,-0.0046738629,-0.33235335,-0.0072548739,-0.085811377
0.0032662445,0.0064940873,-0.004668211,-0.33500413,0.0075898239,-0.083262937
0.0039355349,0.0065912054,-0.0048220061,-0.33252562,-0.00010973591,-0.076450281
0.0033623729,0.0066502944,-0.0047751696,-0.33264136,0.017139388,-0.062421679
0.0031987835,0.0063689537,-0.0050288217,-0.33015737,0.020384408,-0.070121236
0.0033799522,0.0062565307,-0.0048300299,-0.3259598,0.01705861,-0.082553073
0.0038587156,0.0067048593,-0.0048887598,-0.3368126,0.014477015,-0.085698871
0.0030998756,0.006475112,-0.0049080266,-0.3333652,0.024906183,-0.092146
0.0028278037,0.0062865193,-0.0050771578,-0.32417791,0.016300805,-0.079909611
0.0036768134,0.0067421844,-0.0047270362,-0.34554999,0.022248132,-0.10183387
0.0037472187,0.0068908265,-0.0050987538,-0.34987438,0.0031395577,-0.086358812
0.0042607396,0.006960222,-0.0050172984,-0.35294785,-0.0020972048,-0.083470584
0.0043993949,0.0070322273,-0.0048871858,-0.3419621,-0.018398443,-0.07155718
0.0046890166,0.0071238041,-0.0047105287,-0.34137473,-0.015871387,-0.053587508
0.0041108431,0.0071118165,-0.0048614199,-0.34455098,-0.00069714515,-0.065229478
0.0033210922,0.0069446368,-0.0049079991,-0.34494787,0.014579972,-0.070381836
0.0038177179,0.0069007158,-0.0048543919,-0.3454904,0.0099176342,-0.099213967
0.0040149504,0.007036068,-0.004747938,-0.34214194,0.015246585,-0.092732394
0.0041572224,0.0072452738,-0.0048507329,-0.35095601,0.014706857,-0.081906136
0.0041085908,0.007216649,-0.0048336274,-0.34826857,0.010958601,-0.063105925
0.0046165602,0.0074136997,-0.0047951669,-0.34850773,-0.017056785,-0.0645261
0.0039191872,0.0073873654,-0.0047450512,-0.34718022,-0.0022648172,-0.029700404
0.0033658124,0.0072763432,-0.004734096,-0.35072096,0.014753694,-0.066032078
0.0034444708,0.0074078964,-0.0047085172,-0.35553891,0.013235275,-0.04098138
0.0034627576,0.007086308,-0.0048976274,-0.34881507,0.0012308071,-0.061520353
0.0043115677,0.0071116205,-0.0046983582,-0.34870957,-0.019800644,-0.065023204
0.0041746461,0.0072935906,-0.004694637,-0.35507074,-0.029473162,-0.057746031
0.0042716209,0.0072890015,-0.0046415796,-0.35990532,-0.016096132,-0.060894925
0.0042314403,0.0073698654,-0.0048169378,-0.3643035,-0.017141249,-0.051563659
0.0043507616,0.0073505328,-0.0048350704,-0.36480763,-0.013019569,-0.069227918
0.0043121978,0.0073818239,-0.0048440704,-0.36838879,-0.017020878,-0.060132949
0.0040157258,0.0072331406,-0.0048829697,-0.36620819,-0.021447333,-0.050393136
0.003978203,0.0073043388,-0.0048134597,-0.37018042,-0.01100901,-0.072368512
0.0036884917,0.0071489683,-0.0048505311,-0.36696381,-0.0059035073,-0.061719507
0.0012363282,0.0070030263,-0.0050673058,-0.35572414,0.062056414,-0.073238661
-0.0012240822,0.0071399779,-0.0049240336,-0.35697931,0.13827071,-0.067514338
0.00046465914,0.0070052829,-0.0049054969,-0.34458777,0.057264776,-0.051613391
0.0013958376,0.007065392,-0.0048126585,-0.34712055,0.047481071,-0.052859449
0.0013001132,0.007218443,-0.0047381067,-0.34513951,0.029749923,-0.033886614
0.0017370394,0.0075078537,-0.0046519098,-0.35207534,0.04760803,-0.030335538
0.0026228123,0.0074050931,-0.0048666137,-0.35112956,0.021097895,-0.045850153
0.0022044063,0.0073579176,-0.004742575,-0.34813623,0.03812804,-0.032796269
0.0019736486,0.0072246733,-0.0049375709,-0.34600798,0.015172773,-0.020832394
0.0017896731,0.0072509299,-0.0046833431,-0.3511767,0.034310799,-0.048453891
0.0023270159,0.0072851589,-0.0048122661,-0.35539629,0.014740565,-0.053221178
0.0021020858,0.0072112706,-0.0047949668,-0.35499825,0.031210619,-0.023822241
0.0021810909,0.0072652098,-0.0049277395,-0.3624142,0.019600557,-0.041006589
0.0018276094,0.007273692,-0.0048542571,-0.36168235,0.03174462,-0.00095051874
0.0018755758,0.0071324055,-0.0051735374,-0.37224215,0.020807586,-0.063518333
0.0006244398,0.007154092,-0.005296832,-0.36064856,0.058586187,0.080274261
0.00045030081,0.0071035684,-0.0050430534,-0.35319158,0.030131065,-0.006486944
-0.037367256,0.0060376614,-0.002208663,-0.32361341,0.84915777,0.25105467
-0.038022934,0.0065286959,-0.0028547829,-0.34226477,0.85642657,0.26931725
-0.020743647,0.0075895831,-0.0058121293,-0.38843748,0.32709176,0.21079062
0,0,-1.3552527e-20,0,0,0
0.0010028576,0.00052201556,-0.00059225229,-0.030911964,-0.0027292439,0.009977648
0.0049556288,0.00078663575,-0.00085132488,-0.041936726,-0.072822264,-0.080016293
0.003552895,0.0012206977,-0.00080920414,-0.043484827,-0.036665111,-0.071539914
0.0060361351,0.00077370951,-0.0012022489,-0.036033515,-0.079515572,-0.15618566
0.0063110286,0.0019921167,-0.0010173883,-0.053405534,-0.064146459,-0.15007328
0.014219257,-0.0020120638,-0.0035208404,-0.028356469,-0.26694865,-0.37106765
0.014414864,-0.0025330669,-0.0042828586,-0.026561166,-0.26339457,-0.39952763
0.008525784,0.0015636677,-0.0021307513,-0.072253683,-0.075447989,-0.21159209
0.010152162,0.0016021011,-0.0028025415,-0.08389655,-0.12821936,-0.24954257
0.0091177778,0.0017309048,-0.0025512606,-0.086447073,-0.10803697,-0.22620245
0.010862694,0.0016100621,-0.0025705176,-0.084510402,-0.15328568,-0.27802472
0.010591905,0.0016734821,-0.0026257264,-0.081299474,-0.13362042,-0.26693814
0.01119406,0.0017142334,-0.0027634332,-0.0884854,-0.1495646,-0.26897566
0.010255118,0.0019093397,-0.0025571625,-0.088919843,-0.13096183,-0.23815309
0.011748646,0.0018178169,-0.0027340881,-0.087332968,-0.16346472,-0.26786077
0.011378073,0.0020646071,-0.0024496993,-0.083808336,-0.1426988,-0.2574209
0.011933397,0.0018706116,-0.0026486473,-0.081490625,-0.16774836,-0.24140757
0.010389215,0.0023034939,-0.0024780629,-0.094817175,-0.13074783,-0.22425111
0.011848622,0.0022507313,-0.0027045866,-0.095390879,-0.14782635,-0.28824229
0.011090189,0.0022162645,-0.0026617603,-0.0882836,-0.1413753,-0.24707198
0.011082145,0.0022165565,-0.0029482011,-0.091822885,-0.15764735,-0.24309233
0.010667985,0.0020866719,-0.0028549401,-0.089812509,-0.13594114,-0.23546853
0.012237136,0.0023777977,-0.0030904859,-0.10113641,-0.18043266,-0.26656731
0.0097399376,0.0021813278,-0.0026115374,-0.090910347,-0.12059124,-0.21047414
0.015895876,0.003259562,-0.003612911,-0.12850837,-0.26888438,-0.33633239
0.019619436,0.0044319759,-0.003762961,-0.15770051,-0.30649806,-0.47313481
0.017643093,0.0038836217,-0.0034710458,-0.13320065,-0.28616567,-0.40115793
0.016915365,0.0038334307,-0.0036271461,-0.14444897,-0.23778311,-0.42314714
0.015655965,0.003720483,-0.0033865843,-0.13864511,-0.1952335,-0.38027555
0.016290511,0.0037267403,-0.0035012941,-0.13529817,-0.22877732,-0.38218028
0.016126895,0.0036909284,-0.0034429628,-0.12729915,-0.22187502,-0.34708215
0.015917469,0.0036335754,-0.0035759416,-0.12244289,-0.24354788,-0.31819943
0.016670451,0.0033116119,-0.0035864012,-0.12455497,-0.24249379,-0.39684401
0.016445716,0.0035006041,-0.0035935297,-0.13395072,-0.22144011,-0.40190486
0.016048953,0.0033617961,-0.0035316793,-0.12913735,-0.21001113,-0.35869643
0.015964196,0.0035794498,-0.0037365319,-0.14035785,-0.21502814,-0.35832007
0.016790527,0.0033616986,-0.0038062994,-0.13547944,-0.22449327,-0.41045487
0.016167644,0.0033473953,-0.0037737356,-0.1320291,-0.23950337,-0.3615797
0.016650888,0.0033889455,-0.0036511634,-0.13282349,-0.23907741,-0.39240301
0.016787695,0.0034225386,-0.0038053101,-0.13506461,-0.24698773,-0.37001932
0.016820675,0.0033197324,-0.0038286772,-0.13438268,-0.24862397,-0.3823304
0.016534806,0.0030254764,-0.0039254796,-0.12666905,-0.26335411,-0.36062036
0.017028201,0.0030265777,-0.0037741267,-0.13128102,-0.25537779,-0.39502901
0.016700913,0.0030352208,-0.0038196901,-0.12552829,-0.26634212,-0.36512559
0.016962236,0.0030027599,-0.0037593087,-0.1302058,-0.24761226,-0.38783204
0.016777408,0.0032134608,-0.0037780554,-0.13258603,-0.25155549,-0.37051084
0.016588488,0.0030946757,-0.0039418732,-0.13601632,-0.24585401,-0.38110518
0.016455922,0.0030146697,-0.003973617,-0.13509257,-0.25542531,-0.37399859
0.016910829,0.0028403612,-0.0040516123,-0.12872205,-0.26915576,-0.380079
0.016071198,0.003117811,-0.0038485742,-0.1411908,-0.24816193,-0.36406068
0.016055997,0.0033138775,-0.0038641184,-0.14779572,-0.23569763,-0.38357125
0.01665429,0.0034386983,-0.0037278892,-0.14499994,-0.23694431,-0.38946484
0.016527879,0.0034906697,-0.0038406714,-0.14885126,-0.25021077,-0.38729763
0.016036925,0.0034720885,-0.003864853,-0.14181627,-0.23568122,-0.36279427
0.016476243,0.0031107962,-0.0040290205,-0.14031166,-0.24387672,-0.41841833
0.016092355,0.0031831436,-0.0036957436,-0.14368227,-0.1940796,-0.47507003
0.016893421,0.0032336097,-0.0040035931,-0.14716898,-0.2729804,-0.44918052
0.016387034,0.0031547708,-0.0041887553,-0.15245813,-0.24562329,-0.45916056
0.015541948,0.003403957,-0.0039648391,-0.15164831,-0.24156134,-0.40265053
0.01513315,0.0033238471,-0.0040286124,-0.14903965,-0.23382454,-0.39432827
0.016205605,0.0031517065,-0.0040241964,-0.14675679,-0.23411807,-0.41009536
0.015809877,0.0034536748,-0.0040291208,-0.14721952,-0.25270228,-0.3874278
0.015804787,0.0031282771,-0.0040788104,-0.15083378,-0.23828108,-0.42296495
0.015705263,0.0033871318,-0.0040644073,-0.14825037,-0.25403528,-0.38872565
0.015065082,0.002926451,-0.0040113722,-0.14767577,-0.1981277,-0.46060089
0.014078611,0.003085208,-0.0039034083,-0.15266203,-0.18580263,-0.41804078
0.014918924,0.0032775571,-0.0039837655,-0.15851793,-0.21415099,-0.39799948
0.014802393,0.0032612391,-0.0040789991,-0.15624736,-0.22246635,-0.37609423
0.015116819,0.0032016761,-0.0039606618,-0.15012738,-0.2216085,-0.40910103
0.015322504,0.003162394,-0.0039340636,-0.14236406,-0.22821555,-0.39929107
0.015921539,0.0031377302,-0.0039536724,-0.14369448,-0.24137724,-0.39323659
0.015762875,0.0031728686,-0.0039060357,-0.14349339,-0.23712807,-0.37769218
0.015887284,0.003227468,-0.003955602,-0.14626372,-0.24208195,-0.37900781
0.01492523,0.0031083952,-0.0039186572,-0.14350315,-0.22971072,-0.37812873
0.014423298,0.0030644541,-0.0039473101,-0.15170471,-0.19900082,-0.4101865
0.014988856,0.0029040659,-0.0041750006,-0.15098717,-0.21884882,-0.42377648
0.015302498,0.0030559187,-0.0041786874,-0.16119384,-0.22100282,-0.4228159
0.014874224,0.0027953511,-0.0042373814,-0.14762644,-0.22863723,-0.39452019
0.015019652,0.0029027843,-0.0042917564,-0.15037428,-0.22266304,-0.41190101
0.015930057,0.002857009,-0.0041776272,-0.14840276,-0.25502067,-0.42898999
0.016013922,0.0028131573,-0.0040975052,-0.14658841,-0.2475052,-0.44410266
0.015858604,0.0029339833,-0.0040383751,-0.14841605,-0.2591675,-0.42982709
0.015674755,0.0028674522,-0.0039925198,-0.1476034,-0.23637982,-0.42766387
0.015937375,0.0030801917,-0.0041090182,-0.15075325,-0.24837109,-0.41028288
0.015578341,0.0029000731,-0.0040055822,-0.14973876,-0.21586825,-0.42964646
0.01646496,0.0031763089,-0.0043897775,-0.14865222,-0.31442668,-0.37006735
0.01661661,0.0031958336,-0.0045736195,-0.17005205,-0.25835628,-0.458581
0.015970864,0.0031779732,-0.0043803866,-0.16728087,-0.24621557,-0.42643226
0.016638227,0.0030560713,-0.0046463369,-0.15928051,-0.27466856,-0.42476564
0.016840095,0.0030925213,-0.0045988131,-0.17185866,-0.245741,-0.46473918
0.016877645,0.0029370828,-0.0047145083,-0.15980884,-0.27707371,-0.42514469
0.01692309,0.0031127179,-0.0044560222,-0.16592579,-0.25596671,-0.43359692
0.016750482,0.0030652541,-0.0044948648,-0.17087366,-0.26027541,-0.44581225
0.016500152,0.0029843594,-0.0045635455,-0.17101221,-0.25159739,-0.44851164
0.016650961,0.003052815,-0.0045518803,-0.17156228,-0.25070472,-0.45553037
0.016015561,0.0030006717,-0.0046295589,-0.17216241,-0.25251234,-0.44136903
0.015566596,0.0031454675,-0.0045763326,-0.17700138,-0.24529285,-0.44908154
0.016489642,0.0028693435,-0.0046430036,-0.16467103,-0.26866073,-0.43952418
0.016292431,0.0029999966,-0.0047476444,-0.16905021,-0.25608043,-0.44125971
0.016115187,0.0029780543,-0.0047182182,-0.16792752,-0.26812648,-0.42344613
0.016253972,0.0028977142,-0.0046896479,-0.17525965,-0.27003866,-0.45105885
0.015186952,0.0028585478,-0.0046781821,-0.17458033,-0.2422144,-0.44296216
0.016397567,0.0029516596,-0.0048496193,-0.17530071,-0.25803672,-0.46284656
0.016295339,0.0032750554,-0.0048357273,-0.1840366,-0.26076577,-0.43529137
0.016409699,0.0030734785,-0.0049281156,-0.18027463,-0.26080974,-0.47167683
0.015529096,0.0029094245,-0.0049602139,-0.17296842,-0.25660907,-0.44808361
0.01525353,0.0026892272,-0.0050510637,-0.16769296,-0.264479,-0.43059894
0.01607796,0.0026413305,-0.0050710641,-0.17016941,-0.28313958,-0.44736715
0.01628636,0.0026645002,-0.0049806494,-0.17257048,-0.28013951,-0.46159693
0.016128087,0.0026123539,-0.0050772934,-0.17455126,-0.27360569,-0.46824114
0.016772959,0.0026672241,-0.0049771837,-0.17314894,-0.27739214,-0.47897386
0.016965304,0.0028214412,-0.0050593604,-0.17944351,-0.28933979,-0.4518196
0.017437322,0.0027864486,-0.0050603616,-0.18274536,-0.28250961,-0.46736308
0.016344107,0.0029071464,-0.0051319118,-0.19227922,-0.26144326,-0.46158993
0.015617029,0.002490848,-0.0052778273,-0.18177747,-0.24785654,-0.49377571
0.016353018,0.0024612164,-0.005358006,-0.18880657,-0.24376332,-0.52463673
0.015258773,0.0026208384,-0.005733949,-0.19944327,-0.24144971,-0.48280949
0.016123945,0.0029896828,-0.0054181698,-0.20568925,-0.22520741,-0.50952435
0.016015459,0.0027342851,-0.0055703458,-0.18916085,-0.25596472,-0.45551542
0.016579665,0.0027186362,-0.005555871,-0.19036574,-0.25178763,-0.48753673
0.016196436,0.00260602,-0.005527629,-0.18368077,-0.26414395,-0.45788945
0.015884405,0.0028126295,-0.0053463757,-0.19349604,-0.24662586,-0.48015597
0.016739905,0.0027703708,-0.0054951638,-0.18705903,-0.27100912,-0.47752227
0.016554267,0.0028178894,-0.0055594822,-0.19899367,-0.256316,-0.50103842
0.0165226,0.0028052603,-0.005645482,-0.19075778,-0.26391978,-0.48785463
0.016626342,0.0027415324,-0.0057740295,-0.19271081,-0.26959914,-0.49285661
0.016610313,0.0027683181,-0.0056702381,-0.19038164,-0.27394529,-0.49196828
0.016976254,0.0028441383,-0.0055957588,-0.18753829,-0.2695301,-0.50775583
0.017108712,0.0028921687,-0.0056799215,-0.18926236,-0.27239172,-0.47773566
0.017009571,0.0030760534,-0.0056938172,-0.19635641,-0.27084625,-0.48927444
0.016829473,0.0029924489,-0.0057223472,-0.19627221,-0.26420811,-0.48150061
0.016348112,0.0029845142,-0.0055721058,-0.1967234,-0.26776101,-0.46562658
0.01697218,0.0026382028,-0.0054236942,-0.19206746,-0.26550274,-0.52266135
0.016542959,0.0026257007,-0.005419692,-0.19067701,-0.27521231,-0.49276602
0.016679591,0.0028407785,-0.0054359574,-0.19800746,-0.2813483,-0.49647109
0.016680117,0.0026883878,-0.005474097,-0.19860087,-0.27221815,-0.49839623
0.016714508,0.0027354758,-0.0055508958,-0.19099061,-0.29161046,-0.47601977
0.016830072,0.0026198885,-0.005589717,-0.19658386,-0.27688423,-0.4972183
0.017172569,0.0026561113,-0.0056246406,-0.19897474,-0.29620711,-0.49397848
0.016982676,0.0025364549,-0.0057271238,-0.19868931,-0.28133637,-0.48763898
0.017053028,0.0026784049,-0.0059050458,-0.20741294,-0.29369789,-0.48842521
0.016118015,0.0025695599,-0.0056700935,-0.20571992,-0.257473,-0.50509981
0.016649258,0.0025400651,-0.005653219,-0.20711512,-0.2781542,-0.49910814
0.016675488,0.002345835,-0.0058576403,-0.2036735,-0.28794075,-0.50339644
0.016680619,0.002412647,-0.0058942853,-0.20758616,-0.29218653,-0.50049747
0.016374262,0.0025730842,-0.0058636304,-0.21174142,-0.2836628,-0.49125593
0.017046106,0.0025746177,-0.0058884602,-0.20643231,-0.29179636,-0.49178522
0.016676002,0.0027251438,-0.0058286453,-0.21107467,-0.27875708,-0.48206579
0.017242733,0.0026392486,-0.0059249789,-0.21181603,-0.28344886,-0.49581804
0.015921068,0.0026140132,-0.0058966468,-0.21355101,-0.25467577,-0.46131103
0.014218641,0.0026941995,-0.005917971,-0.22076134,-0.20500428,-0.47220877
0.0073886219,0.0035058926,-0.0055818189,-0.24306296,-0.049091927,-0.39631214
0.009710917,0.0031325648,-0.0052307086,-0.23457668,-0.085863338,-0.45930912
0.010414977,0.0028834149,-0.0058033811,-0.23874463,-0.15899524,-0.42452665
0.010632199,0.0027796236,-0.0057884508,-0.23764509,-0.141559,-0.44069197
0.011208679,0.0029359086,-0.0057911326,-0.2367104,-0.16824764,-0.40210671
0.011199877,0.0029802092,-0.0057656309,-0.23710085,-0.1712343,-0.3954504
0.011537251,0.0027970144,-0.00581908,-0.22896627,-0.18655229,-0.38576354
0.012270961,0.0029623217,-0.0057444577,-0.23336958,-0.1962272,-0.42106311
0.012307706,0.0027770174,-0.0059361259,-0.23548609,-0.19336032,-0.44345318
0.011725466,0.002921586,-0.0058816595,-0.24115685,-0.17052462,-0.44505491
0.011830083,0.0027818785,-0.0059908955,-0.23953161,-0.18100798,-0.4548969
0.011832493,0.0027069896,-0.0061839863,-0.24289308,-0.19385627,-0.42316798
0.012035308,0.0027175235,-0.0061930307,-0.24212454,-0.19428384,-0.43513685
0.012159096,0.0027750985,-0.006094047,-0.23912059,-0.19455047,-0.4222917
0.012222101,0.0027110124,-0.0060254978,-0.2339332,-0.19691184,-0.41684113
0.012099488,0.0029936456,-0.0058916034,-0.24380409,-0.19724473,-0.40611501
0.011667263,0.0031031058,-0.0058390109,-0.24513552,-0.18534684,-0.40237528
0.011777125,0.0031140837,-0.0059255929,-0.24587415,-0.17925236,-0.41256485
0.010193139,0.0031176235,-0.0058926102,-0.24583364,-0.14435174,-0.38798832
0.011097428,0.0028341852,-0.0057848437,-0.23682623,-0.16980307,-0.39579199
0.010980671,0.0026952843,-0.0058015706,-0.23484448,-0.17290849,-0.40889236
0.011109463,0.002791542,-0.0057579169,-0.23966615,-0.17615972,-0.40212252
0.011249223,0.0029198864,-0.0057953035,-0.24382345,-0.18108054,-0.39866253
0.011889724,0.0029332133,-0.0058329786,-0.23862078,-0.19148444,-0.40087121
0.011341665,0.0029603509,-0.0058150449,-0.23874326,-0.17663897,-0.39411563
0.011651896,0.0028320142,-0.0059306138,-0.23308885,-0.19065956,-0.40683529
0.010692128,0.0027329593,-0.0059239249,-0.23891732,-0.17524803,-0.38881761
0.01088043,0.0027408436,-0.0058473671,-0.24394081,-0.17093974,-0.4205895
0.011185548,0.0027617129,-0.0059451367,-0.24879636,-0.17866863,-0.41230586
0.011049433,0.0028533984,-0.0059705161,-0.2480191,-0.1787589,-0.41013082
0.011064092,0.0028468106,-0.0059152141,-0.25092843,-0.19143203,-0.40351255
0.01133862,0.00295999,-0.0058748563,-0.24401069,-0.19003545,-0.38974462
0.010906294,0.0031295427,-0.0059932412,-0.25096353,-0.17376768,-0.41048382
0.010939223,0.0030450934,-0.0060390463,-0.25253729,-0.17009311,-0.41611877
0.011329798,0.003062871,-0.0059929488,-0.24690515,-0.17735761,-0.42812154
0.011493763,0.0030279846,-0.0059241634,-0.2440004,-0.17755508,-0.42443992
0.011062791,0.0032319623,-0.0059426523,-0.25015974,-0.17393072,-0.39507418
0.010699893,0.002892424,-0.0058915984,-0.24442501,-0.17910277,-0.38650499
0.010888238,0.002931537,-0.005917698,-0.24751982,-0.17838644,-0.40355883
0.010765902,0.0031103375,-0.0057493849,-0.25718959,-0.16861042,-0.43078836
0.010705857,0.0030099518,-0.0056975874,-0.24866815,-0.17191386,-0.4181497
0.010772308,0.0032130266,-0.0056859081,-0.2499337,-0.16505111,-0.41740781
0.0098524913,0.0030673474,-0.0058736617,-0.24805879,-0.15063398,-0.39698181
0.010801001,0.0030068838,-0.0060876058,-0.25507344,-0.16041467,-0.42254188
0.010832146,0.0030175651,-0.0061718796,-0.25000487,-0.16812895,-0.40171135
0.010831823,0.0030093458,-0.0060681073,-0.24635516,-0.1610353,-0.40891049
0.01034541,0.0031892434,-0.0059655208,-0.25036976,-0.16131495,-0.39455936
0.0089158252,0.0029513926,-0.0058118179,-0.25191795,-0.12024453,-0.43461786
0.0099152238,0.0031113484,-0.0059645878,-0.26107739,-0.16807661,-0.44443869
0.011580821,0.0035534869,-0.0065230852,-0.2893641,-0.1928333,-0.50997751
0.01035205,0.0033901794,-0.0064770733,-0.29054587,-0.16451687,-0.47109083
0.011408564,0.0036197917,-0.0064918654,-0.29446125,-0.18594131,-0.47543435
0.010847128,0.0035935513,-0.0064690322,-0.28934002,-0.17752626,-0.43173502
0.011395674,0.0037468155,-0.006441031,-0.29222274,-0.19249735,-0.42727939
0.011826973,0.0035890874,-0.0064892134,-0.28462345,-0.19587173,-0.44350025
0.011347342,0.0036129591,-0.0064830542,-0.2819361,-0.19504756,-0.42248911
0.011672025,0.0036296177,-0.0064696034,-0.28069266,-0.17821556,-0.44821377
0.012395738,0.0036534685,-0.0064844156,-0.2802106,-0.1858606,-0.47047809
0.011791435,0.0035398095,-0.0065610821,-0.27818119,-0.19257846,-0.44547853
0.011784089,0.0034577112,-0.0066510167,-0.28452169,-0.19213554,-0.46284297
0.011538248,0.0033851993,-0.0065575561,-0.28377989,-0.1941307,-0.46237851
0.011823641,0.0036582486,-0.0064877143,-0.29463226,-0.17231958,-0.48489117
0.011910158,0.003483859,-0.0064611003,-0.28744826,-0.16963193,-0.46363746
0.011904968,0.0036391918,-0.0064875778,-0.29053476,-0.1839569,-0.46422298
0.011957696,0.0034630702,-0.0065929118,-0.28450095,-0.18529169,-0.45151827
0.012182426,0.0035012376,-0.0066210001,-0.28769278,-0.19047302,-0.44612247
0.011092653,0.0034617542,-0.0066731251,-0.29029124,-0.17631222,-0.4268242
0.011275743,0.0034623551,-0.0067204406,-0.2906567,-0.18419931,-0.45268412
0.010948772,0.003440414,-0.0066805278,-0.29145255,-0.16955628,-0.47008131
0.011793961,0.003377605,-0.006692715,-0.28672336,-0.20368615,-0.45755135
0.01106454,0.003464116,-0.0066785525,-0.29468827,-0.1863875,-0.44767995
0.011643545,0.0035083006,-0.006689164,-0.29715656,-0.20066988,-0.45408922
0.011995825,0.003399607,-0.0067316526,-0.29410982,-0.2015067,-0.46333784
0.011946758,0.0033910088,-0.0068071341,-0.29138259,-0.20564754,-0.43722376
0.010724194,0.0032334815,-0.0066605888,-0.2930027,-0.17618955,-0.46116306
0.010482277,0.0034650466,-0.0064762724,-0.29732389,-0.16820099,-0.4428156
0.010503966,0.0033505276,-0.0063830702,-0.29177415,-0.15680655,-0.48203498
0.0065664583,0.0034703336,-0.0064822759,-0.30315332,-0.094425916,-0.38383556
0.0056367606,0.0029822659,-0.006414857,-0.30699522,-0.074918108,-0.40139515
0.007196915,0.0031624884,-0.0066190031,-0.30276683,-0.13394884,-0.39043678
0.0065702023,0.0032689985,-0.006405456,-0.30294613,-0.092970503,-0.38552491
0.0083326134,0.0035662535,-0.0066231446,-0.3058819,-0.13776045,-0.38348247
0.0069367704,0.0034482183,-0.0064861588,-0.30654375,-0.094633198,-0.3799386
0.0090525759,0.0037824281,-0.0067106171,-0.31727053,-0.15030968,-0.41582513
-2.2581266e-05,0.0022061205,-0.0063064154,-0.28369476,0.040144336,-0.29776827
-0.0066064027,0.0015702859,-0.0063430385,-0.28381084,0.14565181,-0.20095328
0.0003562362,0.0021977476,-0.0069987913,-0.32481474,-0.0089841607,-0.35921347
0.0037693264,0.0018136439,-0.0073580237,-0.30964692,-0.068838306,-0.48243931
0.0047481514,0.0020993911,-0.0072619102,-0.31585452,-0.069048271,-0.49100092
0.003455183,0.0019072514,-0.0071456195,-0.31071736,-0.045487136,-0.4436625
0.0045087877,0.0021198368,-0.0071547342,-0.31690883,-0.073287923,-0.43678459
0.0042322176,0.0021797661,-0.0073874502,-0.32444602,-0.072351955,-0.40510913
0.0051282833,0.0024154072,-0.0074346797,-0.32823487,-0.092044801,-0.42518604
0.0077637678,0.0030365812,-0.0080230851,-0.29798874,-0.28079325,-0.23200096
0.0071677067,0.0027223055,-0.0079265119,-0.33166947,-0.13849241,-0.36884349
0.0062663609,0.0025405328,-0.0079687626,-0.33589195,-0.095246076,-0.38154108
0.0069272544,0.0029668175,-0.0079614755,-0.35125971,-0.11132928,-0.40304352
0.0065785705,0.0026977711,-0.0081145165,-0.34900913,-0.10554792,-0.37481055
0.0068794175,0.0028407319,-0.0080266956,-0.346695,-0.11445481,-0.3724582
0.0071097437,0.0027017922,-0.0080754832,-0.34559365,-0.13195271,-0.35426853
0.0074996951,0.0028681644,-0.0081646973,-0.34931839,-0.14454305,-0.35811282
0.0074615651,0.0026293915,-0.0083027278,-0.34433666,-0.13851641,-0.33331377
0.0069871382,0.0028058638,-0.0081129478,-0.34503821,-0.15045511,-0.31027801
0.0070144449,0.0026947696,-0.0081101784,-0.35351648,-0.13877012,-0.34131187
0.0073070366,0.0026699598,-0.0083914357,-0.36095566,-0.14007536,-0.35092579
0.007262824,0.0026828672,-0.0083768366,-0.3689009,-0.12364708,-0.37102175
0.0066663264,0.0027380137,-0.0084522103,-0.37115122,-0.1256772,-0.34521654
0.0068001653,0.0026255574,-0.0083068075,-0.36011373,-0.13383351,-0.33884793
0.0072597498,0.0027872093,-0.0083133082,-0.36668706,-0.12901217,-0.34994632
0.007312749,0.0027095371,-0.0084167385,-0.36312503,-0.13195004,-0.33394376
0.0076306016,0.0026942114,-0.0084643209,-0.36502248,-0.1229868,-0.36154977
0.007700141,0.0027722935,-0.0084390727,-0.36275778,-0.12920003,-0.34222543
0.0074705161,0.0027448171,-0.008367999,-0.36158806,-0.12782404,-0.35754034
0.00725904,0.0027507213,-0.0081792585,-0.35412663,-0.13488433,-0.3534716
0.0064254207,0.0026469635,-0.0081299749,-0.3610148,-0.099758549,-0.4039022
0.0062640521,0.00257418,-0.0083222948,-0.35769564,-0.12651145,-0.37766419
0.0068892208,0.0025710323,-0.0082428105,-0.35514014,-0.13100908,-0.39483714
0.0067614811,0.0024369782,-0.0083259571,-0.35164886,-0.12415994,-0.37501376
0.0071762594,0.0026352257,-0.0083945039,-0.36464379,-0.12348988,-0.38241604
0.0070781784,0.0026759477,-0.0085133425,-0.36341125,-0.13031354,-0.35224598
0.0069243736,0.0027388995,-0.0082695873,-0.36381006,-0.12214026,-0.37224773
0.0070857247,0.0028332449,-0.0081923518,-0.36014616,-0.13920169,-0.34473407
0.0057836296,0.0026344906,-0.0080304827,-0.35279297,-0.077483054,-0.40289433
0.0045391826,0.0025699571,-0.0078507875,-0.34781199,-0.062080039,-0.4284586
0.0054224148,0.0030198823,-0.0078570638,-0.36095839,-0.083709894,-0.41789562
0.0054855026,0.0029584629,-0.0081003865,-0.36412415,-0.088544549,-0.3887689
0.0063617269,0.0030970211,-0.00806798,-0.36060527,-0.11274452,-0.3627447
0.0064968249,0.0028569894,-0.0083173753,-0.35935831,-0.11745465,-0.35821242
0.0069058939,0.0030190357,-0.0081792605,-0.36434696,-0.1200297,-0.36844114
0.0067163661,0.0029449869,-0.0082477004,-0.36096154,-0.13011176,-0.34587841
0.006896283,0.0031591651,-0.0081716945,-0.36887357,-0.12255473,-0.35416464
0.0063245932,0.00279658,-0.0081025008,-0.35737285,-0.11221972,-0.35351074
0.0061173832,0.0029734948,-0.0079996406,-0.36502673,-0.11052801,-0.35948275
0.0055074798,0.0028934085,-0.0079544643,-0.3673055,-0.087876272,-0.37041591
0.0065917195,0.0028949068,-0.0081476047,-0.36743499,-0.11987748,-0.36769313
0.0065074467,0.0029021944,-0.0081979109,-0.36986438,-0.12675367,-0.35599136
0.0066848103,0.0030009591,-0.0082492867,-0.36723851,-0.14004382,-0.34837618
0.0068013944,0.0029427308,-0.0081663818,-0.36488983,-0.14034783,-0.34780427
0.0070107009,0.0030536764,-0.0080161967,-0.36532532,-0.14033819,-0.33320174
0.0072864318,0.0030207238,-0.00809815,-0.36669979,-0.1465283,-0.33074164
0.0074230841,0.0031024665,-0.008080524,-0.36811657,-0.15112001,-0.34018525
0.0070421213,0.0031412067,-0.0079768721,-0.36566697,-0.13740711,-0.34395065
0.0067290405,0.0032526908,-0.0081694441,-0.37744703,-0.12849674,-0.32134559
0.0068313411,0.0031771557,-0.0082986738,-0.37202512,-0.13595125,-0.33481709
0.0068190712,0.0031763965,-0.0082125217,-0.37264159,-0.14410113,-0.34160533
0.0066768369,0.0030363375,-0.0082163997,-0.36777934,-0.14068685,-0.34031267
0.0071742494,0.003056899,-0.0082453662,-0.37119042,-0.14257406,-0.35734631
0.0070953981,0.0030428091,-0.008387701,-0.37157168,-0.14390312,-0.34341033
0.0075653977,0.0030966852,-0.0083296849,-0.37138455,-0.15978691,-0.354488
0.0076292677,0.003164991,-0.0084184469,-0.37225527,-0.16903738,-0.34478204
0.0076708557,0.0035578685,-0.0083223685,-0.3816353,-0.17042393,-0.35715502
0.0074392804,0.0037630272,-0.0082856121,-0.38566856,-0.16723774,-0.33477044
0.0075840215,0.0038030451,-0.0080915297,-0.39171888,-0.16160966,-0.36869678
0.0078681933,0.0039931909,-0.0082198887,-0.39461258,-0.17126807,-0.36002015
0.007881627,0.0040184498,-0.0082353531,-0.397721,-0.1625513,-0.35010262
0.008135503,0.0039393253,-0.0082301471,-0.38568896,-0.18157082,-0.34365774
0.008385007,0.0038041602,-0.0082158148,-0.38144964,-0.17388302,-0.37517045
0.0086743712,0.0038757175,-0.0083494009,-0.38532403,-0.19498838,-0.35525961
0.0084607562,0.0037830806,-0.0083101055,-0.38832498,-0.16625881,-0.38280576
0.0076375686,0.0036070485,-0.0083707299,-0.38072075,-0.16883619,-0.37972165
0.008228545,0.0032043251,-0.0079498774,-0.37371312,-0.15359101,-0.44283922
0.0087696814,0.0036420465,-0.0080957428,-0.389562,-0.18388971,-0.4418295
0.0081682408,0.0037131933,-0.0081236118,-0.38151612,-0.16289356,-0.40476629
0.0084694564,0.0038380451,-0.0081820432,-0.3882543,-0.17254941,-0.39928071
0.0082645121,0.0040461517,-0.0082365445,-0.38854021,-0.18508358,-0.34733445
0.0088151163,0.0040675132,-0.0082992209,-0.39192016,-0.19566511,-0.35630393
0.0082354348,0.0040427762,-0.008303482,-0.39066558,-0.19126139,-0.33921635
0.008301668,0.0040627075,-0.008314685,-0.39221491,-0.1830879,-0.33530489
0.0088095409,0.0040958905,-0.0082884401,-0.38317641,-0.2010157,-0.33745551
0.0091589777,0.004175118,-0.0083148538,-0.38698946,-0.18181511,-0.37671856
0.0088746656,0.0038674626,-0.0086438194,-0.37421376,-0.25481608,-0.28018644
0.01033155,0.0042458035,-0.00975872,-0.3665541,-0.42206846,-0.069982182
0.01148994,0.0045432627,-0.0087740252,-0.38437972,-0.25209854,-0.31189309
0.011082959,0.0044717038,-0.0084400131,-0.41024856,-0.17216635,-0.39479577
0.010286466,0.004963078,-0.0087026983,-0.4177478,-0.20601979,-0.29699927
0.010503036,0.0048813048,-0.0086721523,-0.42418157,-0.19385557,-0.31441375
0.0099694505,0.0050655176,-0.0088004243,-0.42904412,-0.18860784,-0.25839309
0.0097758863,0.0051697722,-0.008785151,-0.43963299,-0.18354232,-0.25045831
0.0096589432,0.0052159969,-0.0086433396,-0.43086897,-0.20586755,-0.22072505
0.0097217445,0.0050678529,-0.0087064712,-0.42783124,-0.21590785,-0.25178517
0.0088234097,0.0051300025,-0.0088329427,-0.42980564,-0.21277345,-0.21460235
0.0087066369,0.0052362382,-0.0088976618,-0.43741951,-0.21007878,-0.22401603
0.008616032,0.0049878368,-0.0087129428,-0.43014027,-0.20822213,-0.27032856
0.0084302627,0.0050485122,-0.0087489233,-0.43731429,-0.21888215,-0.26839218
0.0089308684,0.0048161415,-0.00871275,-0.42968509,-0.2207157,-0.27167971
0.0091963652,0.0048377418,-0.0089979688,-0.43337982,-0.22649682,-0.2565202
0.0091305893,0.0048117236,-0.0088262621,-0.42521911,-0.21764747,-0.25597469
0.0093687537,0.0049966179,-0.0088951305,-0.43452022,-0.22790623,-0.26422369
0.0092724938,0.0050929761,-0.0087407745,-0.42552083,-0.22593063,-0.23604005
0.0093923322,0.0048317859,-0.0087780144,-0.42254339,-0.21951131,-0.26634677
0.0093338542,0.0049302346,-0.0085572795,-0.42428819,-0.21226538,-0.28711131
0.0097215355,0.0050377489,-0.0088082915,-0.43635893,-0.21466599,-0.2935184
0.0086379941,0.005008907,-0.0087067846,-0.43187356,-0.19636994,-0.26003543
0.0094456668,0.0051311795,-0.0089041215,-0.4378411,-0.22539089,-0.28645392
0.0086130836,0.0049471915,-0.0087340687,-0.42479546,-0.19697597,-0.24829362
0.010695491,0.0047910842,-0.0090811466,-0.43750831,-0.28697653,-0.31408955
-0.00057460899,0.0036572071,-0.0070649312,-0.36084989,-0.072179326,-0.31388427
0.0013174791,0.0042199647,-0.0072332281,-0.37380846,-0.08091075,-0.28291733
0.0050044102,0.007020615,-0.0062151614,-0.38344298,-0.20029544,-0.068463984
-0.0007747349,0.006323537,-0.0069387845,-0.39942199,-0.050131283,0.012643793
0.0078947527,0.0066035116,-0.0053340093,-0.24324508,0.20145595,-0.3151476
0.0076818667,0.0077294504,0.0011046507,0.2912695,0.50747322,-0.28282555
0.0070564713,0.0093320765,0.0010159303,0.11200187,0.26821128,-0.40543177
