0,0,0,0,0,0
-0.00018199474,0.00018833811,4.8580714e-05,0.007601946,-0.011642318,0.012995772
-0.00045971752,4.2713209e-05,0.00026763321,0.01660612,-0.012099757,0.032680067
-0.00014802912,-0.000297867,0.00021021816,0.023070105,-0.025246925,0.0048373246
-2.0362519e-05,-0.00060510688,-0.00032379738,0.020167965,-0.0052059221,-0.025726373
-1.2860808e-05,-0.00050651649,-0.00019236373,0.021581872,-0.015629393,-0.028818559
-0.00026989402,-0.00060265583,-0.00020082709,0.022372713,-0.0080765848,-0.04410356
-0.00027128513,-0.00048610664,-5.1513616e-05,0.028368007,-0.0029052601,-0.012305964
-0.00042752217,-0.00050603336,-0.00015570339,0.012807166,-0.003958192,-0.0094170881
-0.00036526161,-0.00043596156,-0.00027959619,0.0019265015,-0.0095289945,0.0035388193
-0.00057224077,-0.0004367075,-0.00048158417,-0.00055991581,-0.020721303,0.013686239
-0.000437828,-0.00071220282,-0.0003124671,0.0063589651,-0.030954232,0.009950599
-0.00059818412,-0.00072514611,-0.00045523102,-0.00021530311,-0.035709404,0.022908001
-0.0005373637,-0.00085741527,-0.00035565895,0.0027133645,-0.01933648,0.0069501149
-0.0005949279,-0.00086993426,-0.00024224477,0.011394356,-0.019563257,0.0067813385
-0.00063170598,-0.0010639051,-0.0004277462,-0.0018658526,-0.040782357,0.012633824
-0.00081419835,-0.0012921909,-0.00063303169,-0.010915356,-0.039894977,-0.0032346262
-0.00099494676,-0.0010525968,-0.0008792085,-0.024914726,-0.036544781,-0.023672087
-0.00086546394,-0.0012849366,-0.00099840193,-0.031881695,-0.032946822,-0.033898433
-0.00084115594,-0.00091957934,-0.0011529499,-0.033363316,-0.042740153,-0.016963927
-0.0010121282,-0.00068337517,-0.0011898223,-0.031001367,-0.033813935,-0.012441127
-0.0011400181,-0.0007247877,-0.0011312784,-0.02730553,-0.056745903,-0.0021508882
-0.0014942229,-0.00067594833,-0.0011646293,-0.027462929,-0.058505953,-0.0015111063
-0.0011632987,-0.00064583206,-0.0011658751,-0.025076035,-0.062796686,0.016756211
-0.001184754,-0.00055841412,-0.0013380263,-0.042510406,-0.040955091,-0.013225473
-0.0011665914,-0.00052595073,-0.0012855378,-0.038178395,-0.039223391,-0.0060924089
-0.0011840783,-0.00052688478,-0.0011477886,-0.039743856,-0.040842088,5.2089844e-05
-0.0010971238,-0.00056774665,-0.0013142468,-0.04829585,-0.050136477,0.0044225035
-0.0011682641,-0.00039455283,-0.0013362793,-0.058859683,-0.044392831,-0.0098799673
-0.00092465716,-0.00022613755,-0.0015305298,-0.063282317,-0.05172767,-0.01359543
-0.0010113052,-0.00015571987,-0.001467481,-0.059321278,-0.074527978,0.0083749961
-0.00091266239,-0.00021313503,-0.0016127293,-0.0650786,-0.073314999,0.013178047
-0.00076363921,-0.00014485728,-0.0015864046,-0.0675437,-0.054760006,-0.0087865003
-0.00099455085,-0.00027376886,-0.0015217908,-0.058688617,-0.061297103,0.013051474
-0.00083146542,-0.00023850996,-0.0012959749,-0.046721935,-0.044179465,0.010511228
-0.00070312002,-0.00012005003,-0.0014256337,-0.055102499,-0.057109448,0.017181152
-0.001822142,-0.00011917438,-0.0011656045,-0.053903589,-0.039304928,-0.010778323
-0.0020365353,-0.00019545937,-0.0012243668,-0.056334907,-0.061888806,0.0088366201
-0.0016017693,4.6043115e-05,-0.0015561921,-0.052138608,-0.062746347,-0.012500551
-0.0018177169,0.00037924453,-0.0012158372,-0.045639738,-0.031093356,-0.00015425904
-0.001544337,0.00047441607,-0.0014417263,-0.036339179,-0.059687827,0.014537285
-0.0017814317,0.00048773796,-0.0013868411,-0.041200589,-0.052252227,0.019064829
-0.0019071844,0.000336609,-0.0017101437,-0.052400067,-0.067976257,0.040260876
-0.0018556971,0.00039473055,-0.0016605264,-0.055505982,-0.06222283,0.013748127
-0.0015705356,0.00032963624,-0.0019730251,-0.063040665,-0.070429391,-0.012789595
-0.0018318215,0.00042100649,-0.0018558426,-0.054215663,-0.048958655,-0.031642582
-0.0016808344,0.00041563234,-0.0018684561,-0.055208417,-0.053620696,0.0040259192
-0.0018389559,0.00060981793,-0.001822382,-0.051534885,-0.058860982,0.01130204
-0.0018221498,0.00074415232,-0.0017028579,-0.057858504,-0.039338795,-0.0034310037
-0.0019906793,0.00096042343,-0.0017975813,-0.051132744,-0.058654316,0.035728046
-0.0017950416,0.00084311953,-0.0019306492,-0.067147394,-0.052116701,0.0028684184
-0.0018293746,0.00087678148,-0.0020384149,-0.078645745,-0.044235617,-0.0064493018
-0.0015439328,0.00074154678,-0.0017322015,-0.0671801,-0.032201667,-0.023852677
-0.0018166001,0.00070843921,-0.0020694355,-0.066479253,-0.041311554,-0.020015093
-0.0016354796,0.00088506629,-0.0020252946,-0.062166033,-0.046503084,-0.020495721
-0.0016912602,0.001063122,-0.0021838348,-0.06859185,-0.040742371,-0.043578113
-0.0017182087,0.001159791,-0.0022962069,-0.075894808,-0.037499074,-0.054149794
-0.0016453392,0.001324185,-0.0021787319,-0.074933793,-0.043783745,-0.06470298
-0.0016250789,0.0012444727,-0.0021793576,-0.07237827,-0.05416539,-0.052259393
-0.0017183446,0.0013109526,-0.0021912731,-0.071056488,-0.044816295,-0.035404965
-0.0020136286,0.0013455256,-0.0021442611,-0.066355505,-0.067291596,-0.032240709
-0.0020891623,0.0013103754,-0.0020623037,-0.058977472,-0.053479203,-0.011110467
-0.0021162603,0.0012773494,-0.0020964024,-0.05628447,-0.048814852,-0.018877318
-0.0022592047,0.0014231784,-0.002025259,-0.057292187,-0.045446372,-0.007030838
-0.0019707475,0.001288024,-0.002194377,-0.060819714,-0.049753351,-0.0070507225
-0.0022004032,0.0013969086,-0.0022511313,-0.065475374,-0.0414478,-0.045714471
-0.0020121766,0.0013995694,-0.0023727614,-0.061190629,-0.047604142,-0.050834036
-0.0019060881,0.0016009117,-0.0022944683,-0.071795642,-0.039993672,-0.070224066
-0.0018477241,0.001773063,-0.0021089837,-0.057644076,-0.044765131,-0.049122586
-0.0018590075,0.0016964243,-0.002119472,-0.056476372,-0.059018789,-0.076542285
-0.0020155504,0.0015328616,-0.0020263038,-0.04978347,-0.06263853,-0.05234835
-0.0015093325,0.0017016113,-0.0020777551,-0.042046544,-0.057845495,-0.065202697
-0.0019021546,0.001792198,-0.0020442853,-0.031841357,-0.057802764,-0.037384724
-0.0018510477,0.0021171672,-0.0019155842,-0.017704344,-0.043832024,-0.049975769
-0.0019972037,0.0020180013,-0.0018518708,-0.017618257,-0.042523949,-0.053668297
-0.0017680791,0.0015016254,-0.0020676822,-0.014172461,-0.046988869,-0.079256537
-0.0020004882,0.0017263162,-0.0020382969,-0.017668434,-0.041486339,-0.07532234
-0.0017560937,0.0017108869,-0.0020793043,-0.012094692,-0.043457782,-0.099021911
-0.0017768693,0.0016558041,-0.0021967566,-0.019967681,-0.053622028,-0.09590433
-0.0020258591,0.0017381981,-0.002210728,-0.021230534,-0.066752467,-0.079188445
-0.0022597929,0.0018493577,-0.0019525966,-0.033705103,-0.052856849,-0.107086
-0.0022861464,0.0020300527,-0.0019041927,-0.025869957,-0.061169098,-0.094842409
-0.0025909693,0.0021230509,-0.0017338269,-0.025607098,-0.03975796,-0.098922728
-0.0016705106,0.0024610713,-0.0017552243,-0.027803213,-0.067174581,-0.061738893
-0.0017289924,0.0031311371,-0.0016867374,-0.013160423,-0.08448007,-0.020848985
-0.0016543496,0.0025993459,-0.0017821959,-0.026480184,-0.063015516,-0.041163752
-0.0009619276,0.002373532,-0.0017881888,-0.03146342,-0.069442887,-0.084937489
-0.0010009796,0.0021380997,-0.0015121946,-0.040227579,-0.04518058,-0.13150899
-0.0004999652,0.002146699,-0.0015119119,-0.038228464,-0.056719434,-0.12029233
-0.00026264236,0.0021524064,-0.001445762,-0.042131415,-0.050703455,-0.14375887
-0.00060970463,0.0021661525,-0.0014652754,-0.055735115,-0.05383129,-0.1382529
0.00052082835,0.0018290973,-0.0014092121,-0.04696802,-0.02858083,-0.20839057
0.0009263292,0.0022664749,-0.0013729936,-0.037338852,-0.035237763,-0.23773146
0.00051063313,0.0021914941,-0.0014565068,-0.048371201,-0.003218404,-0.2433029
0.0003023815,0.002207323,-0.0014499134,-0.044853715,-0.011625639,-0.24763812
0.00020480783,0.0020626112,-0.0013181471,-0.049638258,-0.0062276589,-0.25976619
0.00040405956,0.0020929836,-0.0015276602,-0.052191106,-0.014408914,-0.26141218
0.00040577054,0.0021545933,-0.0019647325,-0.078714466,-0.017480672,-0.28401246
0.00044100995,0.00224388,-0.0015577104,-0.058303373,-0.021993893,-0.27801609
0.00020793039,0.0024616462,-0.0016118756,-0.055350655,-0.032116868,-0.26245342
0.00010306868,0.0023423631,-0.0016177587,-0.065603556,-0.036246878,-0.24824023
-7.3530855e-05,0.0024858286,-0.0016834392,-0.068381573,-0.015878567,-0.2554984
-4.1770589e-05,0.0025366834,-0.0016251809,-0.066591014,-0.028633084,-0.24928512
-0.00011371025,0.0023720082,-0.0018809691,-0.084455977,-0.021824689,-0.24362106
-0.0001883032,0.0023110482,-0.0018401099,-0.088088952,-0.018757222,-0.25668069
-0.0001279545,0.0022753761,-0.0018833131,-0.087304939,-0.022736044,-0.24944126
-8.0041446e-05,0.0022224946,-0.0021505833,-0.10792625,-0.025875121,-0.25910334
-6.8689978e-05,0.0021397059,-0.0023231794,-0.12145366,-0.01492973,-0.29162035
-1.2422716e-05,0.0020449461,-0.0025284269,-0.11966236,-0.030780812,-0.28217529
-9.7284403e-05,0.0021621601,-0.0025734125,-0.11597738,-0.031118299,-0.28844429
8.5898937e-05,0.0020526104,-0.0025703822,-0.12505679,-0.044913691,-0.26526649
-0.00011607084,0.0023409384,-0.0025332463,-0.12940916,-0.029880822,-0.2745016
-4.7587619e-06,0.002502588,-0.0023011732,-0.10348756,-0.033873224,-0.27153945
-0.00024288223,0.0025585453,-0.0023005763,-0.10076051,-0.032980462,-0.26484013
-6.1556936e-05,0.0025065775,-0.0021887824,-0.092200751,-0.024004324,-0.26326625
-0.0001599775,0.0028003715,-0.0021589162,-0.09398345,-0.01464536,-0.25193118
0.00055962786,0.0034540548,-0.0019584283,-0.092599383,-0.030135778,-0.21760855
0.00059204892,0.0029978973,-0.001417471,-0.091437098,-0.036607994,-0.20980822
0.00047550123,0.0030473657,-0.0016726228,-0.10350972,-0.046200106,-0.20455957
0.00061258431,0.0027797402,-0.0015743841,-0.10147439,-0.045189999,-0.24256225
0.0005740972,0.0028665671,-0.0014457529,-0.092932755,-0.031752212,-0.21761319
0.0003601967,0.0024976742,-0.0018673037,-0.11579862,-0.027338101,-0.22149961
0.00033137339,0.0022509839,-0.0020177873,-0.12787402,-0.028352249,-0.26344309
0.00049007919,0.00239945,-0.0021390453,-0.1373571,-0.027212162,-0.28892331
0.00057562704,0.0025642843,-0.0021063887,-0.12462715,-0.046989982,-0.22906193
0.00017144793,0.0026825984,-0.001817556,-0.10379931,-0.10254056,-0.16025598
-0.00011245493,0.0024991217,-0.0014658942,-0.1208077,-0.044754454,-0.23901311
0.0005036147,0.0020767969,-0.002142055,-0.12147798,-0.066122906,-0.19366963
0.00017867752,0.0026739783,-0.0017535967,-0.1087013,-0.059029775,-0.1859351
0.00039234987,0.0029475525,-0.0017580481,-0.10867069,-0.041222541,-0.18196066
0.00039112541,0.0031361486,-0.0016214163,-0.095057148,-0.049075599,-0.17702739
4.9266168e-05,0.0032374595,-0.0014604223,-0.093745061,-0.038075875,-0.15956803
0.00037525555,0.003363286,-0.0014868305,-0.10267403,-0.036578978,-0.16853039
0.00035140801,0.0035903343,-0.0014589084,-0.093402677,-0.018222041,-0.17343871
0.00056898833,0.0036424602,-0.0014436118,-0.089088151,-0.019446818,-0.19201408
0.00067371276,0.0038077844,-0.0013744546,-0.10802739,-0.014128798,-0.19247227
0.00073356932,0.0037195859,-0.0013417439,-0.10632849,-0.019518952,-0.20408862
0.0006957225,0.0038098218,-0.0014224733,-0.10942294,-0.033679726,-0.21597649
0.00038861291,0.003729991,-0.0014782373,-0.1200882,-0.032831445,-0.21069526
0.00041755809,0.0036684522,-0.0014808506,-0.11589491,-0.035640861,-0.19506697
0.00021421221,0.0038966908,-0.0012308434,-0.12076195,-0.013419158,-0.21085873
0.00023870349,0.0037857944,-0.0013007098,-0.13020325,-0.012656064,-0.1875057
0.00025563877,0.0039132775,-0.0013581953,-0.13439783,-0.012834167,-0.19199321
0.00012852891,0.0038705936,-0.0013249719,-0.12802721,-0.011932472,-0.18768224
4.6599846e-05,0.0039590977,-0.0013235548,-0.12953358,-0.019991624,-0.17052596
0.00043552446,0.0040132816,-0.0015994309,-0.1374236,-0.014900398,-0.19257621
0.00072436371,0.0042266253,-0.0018749624,-0.13043699,-0.037736817,-0.1992094
0.00065346154,0.0042853481,-0.0018464979,-0.145984,-0.033877256,-0.23153057
0.00080268625,0.004197171,-0.001887396,-0.14416385,-0.038291693,-0.20390037
0.00061819471,0.0044732762,-0.0017816762,-0.13916095,-0.015141679,-0.21027651
0.00062864752,0.0045377566,-0.0017315616,-0.12740891,-0.015829852,-0.18851779
0.00060924601,0.0047136536,-0.0017368193,-0.13412374,-0.013744025,-0.19891738
0.0006767966,0.0047032535,-0.0015954771,-0.12705427,-0.015731458,-0.2109016
0.00084815717,0.0049613212,-0.0017697211,-0.12937376,-0.024342261,-0.20423644
0.0010985448,0.0051877876,-0.0017517586,-0.12909083,-0.025430168,-0.22826686
0.00083778325,0.0051155536,-0.0017962127,-0.12700252,-0.049633286,-0.22565983
0.00092508323,0.0052164097,-0.0018363111,-0.12664554,-0.030555949,-0.23686771
0.00092273396,0.0051524369,-0.0016902011,-0.12068278,-0.036900224,-0.2291718
0.00066327617,0.0053906251,-0.0014693041,-0.10990047,-0.022773069,-0.21972228
0.00071192781,0.0053137956,-0.0014219134,-0.10235477,-0.030525914,-0.19524227
0.0004318302,0.0055677341,-0.0013911031,-0.11185207,-0.019576859,-0.15520322
0.00055894071,0.0054344252,-0.0014385295,-0.11096225,-0.027199122,-0.19191561
0.0004363218,0.005395986,-0.0016021626,-0.11068958,-0.029030415,-0.21021934
0.00075137916,0.0056941916,-0.0014451799,-0.098988788,-0.018623244,-0.24107418
0.00063632928,0.0053803313,-0.0017077815,-0.10164885,-0.0147493,-0.21567141
0.00034839062,0.0059501346,-0.0015276664,-0.097244951,-0.018193302,-0.22660718
0.00026246821,0.0058635519,-0.0014870388,-0.10150623,-0.030511347,-0.20909692
0.0002688432,0.0061095928,-0.0013299491,-0.091187349,-0.023306943,-0.21493725
0.00033307929,0.0059596315,-0.0012201994,-0.081035601,-0.023044437,-0.20467228
6.7654586e-05,0.0060152593,-0.0011089403,-0.083807667,-0.020204449,-0.23444557
0.00029280148,0.0059488444,-0.0013875673,-0.10213194,-0.017521835,-0.25760984
0.00039603737,0.0054974464,-0.0015381975,-0.11800238,-0.016663253,-0.30272176
0.00047308592,0.0058190812,-0.0015280316,-0.10963439,-0.027252566,-0.25413774
0.00028871397,0.0058976975,-0.0016557076,-0.11549695,-0.022671965,-0.26057629
0.00025672381,0.0059221598,-0.0019182807,-0.12084538,-0.029403385,-0.25858556
0.00024719637,0.0056689958,-0.0019554564,-0.13784171,-0.017057495,-0.29471865
1.5775064e-05,0.0058094725,-0.0017766804,-0.1277351,-0.028118586,-0.27376552
-2.0027836e-05,0.0060894549,-0.001418627,-0.10589961,-0.02551083,-0.25355575
-0.00027488834,0.0061609077,-0.0013625943,-0.10091857,-0.028027206,-0.2459854
-0.00028743543,0.0061228616,-0.0015602821,-0.098594599,-0.032792995,-0.25446235
-0.00029366497,0.0063789829,-0.0015297316,-0.10183764,-0.019863736,-0.2967793
0.00016691316,0.006218574,-0.001737791,-0.11296761,-0.0096841304,-0.30432772
0.00017767933,0.0062199834,-0.0017142019,-0.12167008,-0.011951005,-0.30926209
0.00019877021,0.0067302415,-0.0012245961,-0.092960619,-0.027315337,-0.3083543
0.00028408462,0.0067513827,-0.0011900511,-0.090780807,-0.024803568,-0.27205787
-6.9442195e-05,0.0069572858,-0.0013067275,-0.091981202,-0.022316503,-0.28496025
-7.9338514e-05,0.0067314554,-0.0012936458,-0.085216548,-0.025042866,-0.29720244
-5.3699748e-05,0.0067817703,-0.0012104414,-0.086071811,-0.024389662,-0.31240295
-0.0002235619,0.0069425753,-0.00094343138,-0.077788449,-0.02191969,-0.30536351
-0.00031445528,0.0070406743,-0.00099397605,-0.076280234,-0.032552443,-0.30298025
-6.7286199e-05,0.0070327533,-0.00094960451,-0.077406888,-0.029287707,-0.31565413
1.697903e-05,0.0072490179,-0.00098323637,-0.079391408,-0.027670379,-0.29455057
0.00032665173,0.0071239543,-0.0011622951,-0.08876692,-0.03826122,-0.30271264
0.00015404901,0.0073884083,-0.0011062381,-0.085278591,-0.037614239,-0.28794909
-6.5608015e-07,0.0071109227,-0.0011290124,-0.096791163,-0.040580706,-0.28553771
9.0481205e-06,0.0069272444,-0.00094814355,-0.081243763,-0.053161117,-0.29452892
-0.00029893933,0.0073451952,-0.00074929152,-0.054632652,-0.047048351,-0.27254145
-0.00043061748,0.0076604667,-0.00055273446,-0.056241391,-0.043941412,-0.24722601
-0.00053081253,0.0077770012,-0.00067827102,-0.067901282,-0.025192166,-0.26317359
-0.00058721108,0.0078666602,-0.00086723156,-0.08483191,-0.029671581,-0.26784531
-0.00076087353,0.0080436239,-0.00060314779,-0.068387107,-0.03553309,-0.24970088
-0.00089028495,0.0081227555,-0.00058784963,-0.066868026,-0.038943595,-0.25753024
-3.3539416e-05,0.0089407355,-0.001263362,-0.081713938,-0.036392771,-0.29058977
3.2212935e-05,0.0086135071,-0.0014946926,-0.093524463,-0.031946995,-0.31039744
-0.00026213018,0.0087320961,-0.001499891,-0.090960492,-0.032765879,-0.30647212
-0.0004023517,0.0088870659,-0.0015600271,-0.088003446,-0.045069233,-0.30258285
-0.00040220272,0.0088349398,-0.0015966021,-0.088356489,-0.044955548,-0.29272292
-0.00029863662,0.0089222661,-0.001951765,-0.10261429,-0.02917394,-0.31294745
-0.00050932957,0.0088724495,-0.0017582407,-0.10296987,-0.020087213,-0.28933473
-4.6345839e-06,0.0089962634,-0.0012007825,-0.07820509,-0.026878045,-0.25545218
-0.0003931161,0.0092361882,-0.00095884501,-0.067887681,-0.027090107,-0.26210904
-0.00040255594,0.009021655,-0.0011576016,-0.07989681,-0.025775447,-0.25331949
-0.00051198601,0.0094329825,-0.0012356567,-0.079404634,-0.019103239,-0.25988059
-0.00042308035,0.0094513674,-0.0012474652,-0.067615572,-0.028759022,-0.27836935
-0.00057454379,0.0096541788,-0.0011837796,-0.064038605,-0.044596278,-0.27807717
-0.00054851765,0.0096033291,-0.0010353592,-0.059532958,-0.031932389,-0.26927783
-0.00053790348,0.0097643479,-0.0010558024,-0.063431176,-0.036860803,-0.26353523
-0.00055130448,0.0097812846,-0.00092491291,-0.060300438,-0.028834777,-0.26049419
-0.00049044709,0.0097069796,-0.00092934055,-0.06000995,-0.039939633,-0.24281652
-0.00082917818,0.0095998527,-0.0011631694,-0.054341755,-0.036260895,-0.26125201
-0.00076324775,0.0095503363,-0.0012371457,-0.06537442,-0.040543081,-0.26578429
-0.00052521029,0.0092671746,-0.0015085518,-0.078179424,-0.027796985,-0.29525955
-0.00035860015,0.0091428103,-0.0015184133,-0.082678545,-0.0063284486,-0.33373697
-0.00022307218,0.0092638775,-0.0017033108,-0.096772034,-0.029674598,-0.31398267
-0.00051154887,0.0093728807,-0.0015843028,-0.093710616,-0.014983418,-0.33411666
-0.00026691026,0.0089997202,-0.0015965947,-0.096826961,-0.036708528,-0.32023981
-0.00044145993,0.0088807575,-0.0014891145,-0.10580192,-0.0048408797,-0.35163581
-0.00053795948,0.0089842314,-0.0015194993,-0.097515009,-0.034779846,-0.29535163
-0.0005681218,0.0089412254,-0.0016654528,-0.11062747,-0.023799399,-0.3505283
-0.00040956701,0.0086746479,-0.001999479,-0.13376781,-0.022957233,-0.34226591
-0.00040630731,0.0086753698,-0.0023038062,-0.14470064,-0.010952418,-0.3479801
-0.00011201373,0.008729896,-0.0022401586,-0.14376295,-0.015914729,-0.33415274
-0.00024140091,0.0084307975,-0.0028191813,-0.17230201,-0.012432889,-0.34670106
-0.0001743701,0.0081091968,-0.0032021186,-0.18629441,-0.012871125,-0.39008084
-0.0003109442,0.0079364537,-0.0032333447,-0.19650503,-0.026577562,-0.37721529
-1.6107532e-05,0.0078776985,-0.0033246295,-0.19489627,-0.0095045748,-0.43607328
-0.00013201474,0.0081995939,-0.0029900534,-0.17029035,-0.017026467,-0.38516594
-6.5751283e-06,0.0082733871,-0.0033751536,-0.18486648,-0.019699644,-0.39257749
-6.6031791e-05,0.0085846577,-0.0033422984,-0.18531221,0.0070268509,-0.40324672
-0.00037241077,0.0084352,-0.0029571715,-0.16680655,-0.018127942,-0.39556749
-7.4096856e-05,0.0086093501,-0.0026173342,-0.15473076,-0.0045908905,-0.39666188
0.00024122059,0.0088412654,-0.0024205709,-0.13760449,-0.029009417,-0.37317966
0.00040930408,0.0089040726,-0.0024078946,-0.13944375,-0.0042039503,-0.40929762
0.00018268463,0.0090725778,-0.0025444654,-0.14055552,-0.025083468,-0.37710865
1.1608016e-05,0.0089564715,-0.0025116743,-0.14542021,-0.011927446,-0.41940939
2.1820346e-05,0.0090531356,-0.0025497061,-0.14375545,-0.034633651,-0.36956394
-7.7748493e-05,0.0091351385,-0.0024330882,-0.14406022,-0.0089294645,-0.38348267
-0.00013365094,0.0088014009,-0.0024021929,-0.15102802,-0.02984148,-0.35554368
-0.00051933775,0.0091378537,-0.0021802315,-0.14651107,-0.023561082,-0.39724444
-0.00033337838,0.008768827,-0.0027842127,-0.17103828,-0.023573138,-0.37727538
-0.00033112699,0.0088392325,-0.0028450983,-0.18354415,-0.0030997884,-0.42914851
-0.0001400832,0.0084554986,-0.0030384167,-0.18757579,-0.016772992,-0.43003763
-0.00023126713,0.0085175125,-0.003065953,-0.1904089,-0.01598655,-0.45093726
-0.00028268,0.0081817348,-0.0029720733,-0.18286934,-0.016755787,-0.44446524
-0.00029810024,0.0082730053,-0.0031499135,-0.17967539,-0.038136253,-0.45255788
-0.00036130109,0.0083332463,-0.0030383387,-0.17565476,-0.038682573,-0.44237923
-0.00031383532,0.0083388076,-0.0031176392,-0.18284001,-0.024410805,-0.46268803
-0.0003266179,0.0085470276,-0.0032437841,-0.19036634,-0.01420953,-0.45459266
-0.00014217352,0.0087162608,-0.0032676524,-0.19434555,-0.020196864,-0.43327635
-0.00012775199,0.0088031327,-0.0032673988,-0.19944492,-0.025577966,-0.43443349
5.7372129e-05,0.0086555351,-0.003326726,-0.19031105,-0.02476435,-0.44225773
0.00026333578,0.0089396729,-0.0032728478,-0.17280741,-0.014353105,-0.42059748
0.00030527394,0.0089655119,-0.0034595787,-0.18087182,-0.0095071817,-0.42295393
0.00034892471,0.0089809094,-0.0035185594,-0.17917253,-0.020851424,-0.43920403
0.00024525412,0.0086939598,-0.0035647243,-0.17942941,-0.011415008,-0.43160211
0.0002244108,0.0086936438,-0.0033412126,-0.17891703,-0.029415323,-0.42391578
-0.00010283429,0.0088092402,-0.0032137885,-0.17758376,-0.027894544,-0.43422532
-0.00046240792,0.0087507754,-0.0033428701,-0.17491702,-0.040300625,-0.40552503
-0.00053055056,0.0090277704,-0.0032472624,-0.17227513,-0.027906676,-0.3996861
-0.00040790761,0.0089997354,-0.0031838306,-0.17114968,-0.029495658,-0.40497089
-0.00036940858,0.0090723239,-0.0031299603,-0.16773072,-0.027738889,-0.40527998
-0.00035777591,0.0088668873,-0.0033669364,-0.17778523,-0.045306672,-0.40746775
-0.00051077754,0.0091578432,-0.0034669316,-0.18391877,-0.037957779,-0.43958151
-0.00053894417,0.0091183961,-0.0032595845,-0.17112681,-0.07424233,-0.40811927
-0.0019978682,0.0089912814,-0.0028309636,-0.15698622,-0.045725065,-0.39322843
-0.0011762478,0.0083986118,-0.0031499504,-0.16357548,-0.04993405,-0.40878994
-0.0011664085,0.0090308353,-0.0032666865,-0.16643278,-0.018054574,-0.44004093
-0.0011218611,0.0090887929,-0.0031365479,-0.15936355,-0.014087246,-0.40283448
-0.0012102773,0.0091725333,-0.0033013586,-0.17344497,-0.0099606347,-0.43262921
-0.0011916669,0.0092846893,-0.0035731045,-0.18384163,-0.01416741,-0.41908556
-0.0010411699,0.0091186404,-0.0036604354,-0.18119463,-0.018213571,-0.43769183
-0.0010096213,0.0089578754,-0.0039549872,-0.19118852,-0.02015858,-0.44271326
-0.00088990929,0.0091191325,-0.0041568142,-0.1945124,-0.007685705,-0.47493485
-0.0010814037,0.0089986743,-0.004428159,-0.20632678,-0.010938002,-0.48104262
-0.0009930185,0.0089714082,-0.0043212278,-0.19924479,-0.01684058,-0.48215196
-0.001293057,0.0090344144,-0.0043679342,-0.20308527,-0.02467515,-0.47373205
-0.0011570785,0.0089352966,-0.0043748016,-0.20893063,-0.003504662,-0.49964716
-0.001439197,0.0088152403,-0.004342787,-0.20973075,-0.017254161,-0.48969707
-0.001128538,0.0087947579,-0.0043767073,-0.21318957,-0.0070712214,-0.49409417
-0.0012023083,0.0086796655,-0.004464117,-0.22232977,-0.011972068,-0.48407381
-0.000832663,0.0085677702,-0.004980576,-0.23853056,-0.012700212,-0.5160241
-0.00033113214,0.0085072796,-0.0051767303,-0.23630092,0.00019761044,-0.52123296
-0.00056928513,0.0082038915,-0.0053956104,-0.24289663,-0.0039582113,-0.51152067
-0.00088545207,0.008146176,-0.0051691541,-0.24592319,-0.006237685,-0.52434127
-0.0011040001,0.0078655922,-0.0051373931,-0.2541703,-0.0018370292,-0.50106581
-0.0011880137,0.0076923494,-0.0051803971,-0.26279972,-0.0096336549,-0.51030798
-0.0012929525,0.0077089628,-0.0050555911,-0.26804913,-0.0076020113,-0.51367734
-0.001283569,0.0070885236,-0.005187448,-0.28938601,-0.0035056716,-0.53937163
-0.0012371393,0.0073318658,-0.0054427175,-0.30178506,0.0013163787,-0.54375003
-0.001152066,0.0074467198,-0.0056952147,-0.30344245,-0.0095181241,-0.50902211
-0.0013428981,0.0075861929,-0.0056629506,-0.30142591,-0.0011054844,-0.53643157
-0.0012657629,0.0070184789,-0.0058549728,-0.32178056,-0.0017833196,-0.5415801
-0.0012359722,0.0069204491,-0.0060527919,-0.33518374,0.0034001214,-0.56214265
-0.0011280112,0.0067705814,-0.0054647641,-0.30507178,0.0004100387,-0.55602395
-0.0010237884,0.0068345965,-0.0053748222,-0.29136681,-0.03110924,-0.51255411
-0.00098602412,0.0068150593,-0.0050638184,-0.27839373,-0.032683697,-0.51757382
-0.00085063976,0.0065702722,-0.0051912979,-0.28837585,-0.037524895,-0.55213127
-0.000846727,0.0067879164,-0.0051223653,-0.28763769,-0.02271079,-0.55613875
-0.00071529295,0.0068276679,-0.0051847753,-0.2933828,-0.033908059,-0.53684679
-0.00095732665,0.0069249548,-0.0051606663,-0.29949913,-0.032119579,-0.5383078
-0.00098411989,0.0066548073,-0.0051341377,-0.30322492,-0.030827189,-0.54370692
-0.0012729509,0.0069792827,-0.0052442745,-0.30121168,-0.028593969,-0.51311202
-0.0013815326,0.0067978506,-0.0052673551,-0.30022166,-0.034690641,-0.50767569
-0.0012703237,0.0066593203,-0.0054625303,-0.30880193,-0.037175227,-0.50518007
-0.001413843,0.0067188231,-0.0055696322,-0.31382518,-0.035032147,-0.50847399
-0.0015833445,0.0067405507,-0.0055873345,-0.31221784,-0.0219926,-0.50817177
-0.0014373268,0.0065690508,-0.0056149715,-0.32398307,-0.025302797,-0.52272902
-0.0012764122,0.0063870198,-0.0057494153,-0.32844778,-0.020600044,-0.51231346
-0.0014532244,0.0064001693,-0.0057701221,-0.33090169,-0.027322689,-0.51852883
-0.0011089433,0.006353421,-0.0058275436,-0.33797772,-0.021232614,-0.54057161
-0.0012659821,0.0063278285,-0.0061761042,-0.35693971,-0.029313169,-0.53917442
-0.0012042766,0.0063718741,-0.0063806074,-0.35777398,-0.040182863,-0.54582406
-0.0012219556,0.0066224727,-0.0061872088,-0.35358091,-0.032152966,-0.5736723
-0.0010582461,0.0062767111,-0.0062128741,-0.33794872,-0.043214556,-0.53767564
-0.0011828933,0.0062314871,-0.0063164427,-0.34618018,-0.021337157,-0.59460611
-0.0010363436,0.0062714346,-0.0063500799,-0.34903241,-0.031239909,-0.55466352
-0.0012459185,0.0065460134,-0.0063099751,-0.34792756,-0.0087264173,-0.60073364
-0.001158694,0.0064252894,-0.0065523569,-0.35879139,-0.031899262,-0.54858814
-0.001114581,0.0063269998,-0.0066714227,-0.37065733,-0.0049072227,-0.6221468
-0.00095299857,0.0062992613,-0.0070216125,-0.37949019,-0.020830912,-0.60197768
-0.0010322336,0.0060672389,-0.0072603953,-0.39140322,0.006409275,-0.6460111
-0.0014462067,0.0060043998,-0.0072226161,-0.38563491,-0.008609705,-0.60811023
-0.0015660813,0.0061499821,-0.0072508492,-0.3863206,0.0013372437,-0.62850532
-0.0013877263,0.0057787069,-0.0073588699,-0.41296708,-0.00087327869,-0.61332382
-0.00096613757,0.0055053706,-0.0071311743,-0.39932697,-0.013629648,-0.60187761
-0.0012977355,0.0053523413,-0.0069812065,-0.39882627,-0.023211829,-0.57060586
-0.0012323561,0.005417458,-0.0068698339,-0.39805149,-0.022004744,-0.5838774
-0.00090929182,0.0052716598,-0.0071635989,-0.41337036,-0.027158831,-0.60774558
-0.00079796615,0.0052364483,-0.0071056178,-0.42238808,-0.022888327,-0.60896174
-0.00097073374,0.0052914381,-0.0072375204,-0.42236954,-0.024954367,-0.57769652
-0.0012062623,0.0052920005,-0.0072768135,-0.41918568,-0.037405022,-0.59323597
-0.0010501361,0.0053075741,-0.0072633184,-0.41672389,-0.04035118,-0.62811148
-0.00097770468,0.0050721853,-0.0074668927,-0.43583675,-0.037095574,-0.61067621
-0.00072487314,0.0050778339,-0.0074834623,-0.44125367,-0.022255583,-0.62892027
-0.00073061472,0.0050425015,-0.0075154626,-0.44408554,-0.013696623,-0.629072
-0.0006602606,0.0048162835,-0.0075340301,-0.45481293,-0.024019696,-0.63835488
-0.00039224473,0.0045116117,-0.0078116598,-0.47688603,-0.015504442,-0.65114165
-0.00033801832,0.0044228715,-0.0080455174,-0.48798035,-0.01990781,-0.64084715
-0.0016374012,0.0043324509,-0.0076308464,-0.46268473,0.040520891,-0.78938522
-0.0010868968,0.0036796438,-0.0077415162,-0.46782863,-0.087831993,-0.66659707
-0.0012145789,0.0036109374,-0.0072620604,-0.45908223,0.0063515662,-0.70760389
-0.0014415003,0.0037852851,-0.0074808418,-0.45680653,-0.0073827283,-0.63609309
-0.0013291496,0.0040797119,-0.0072236593,-0.43995061,0.011280321,-0.67168533
-0.0016616694,0.0041943246,-0.0072264959,-0.43819465,-0.0166777,-0.60079628
-0.0014057626,0.0041208455,-0.0072633865,-0.43902583,-0.018310648,-0.65098415
-0.0014883712,0.0041211769,-0.0072876341,-0.44297589,-0.044083203,-0.60069666
-0.0015125762,0.0036229256,-0.007336197,-0.43252329,-0.04312367,-0.63346945
-0.001618064,0.0034459734,-0.0069042019,-0.41459321,-0.095929134,-0.61607497
0,-1.7347235e-18,-2.1684043e-19,0,0,0
-0.00061544391,0.0002948835,0.00023608539,0.0093147199,0.01648639,-0.02387015
-0.00087486207,0.00017672045,0.00015506391,0.0062181725,-0.016162591,0.0057616874
-0.0014175908,0.00047679985,0.00039236569,0.0099298685,0.0057013777,0.0013088721
-0.0017869806,0.0005948977,0.00041807813,0.019751368,0.0031966084,0.034400291
-0.0023207132,0.00080099841,0.00049246375,0.028001489,-0.0040728054,0.065903384
-0.0027401622,0.00079924829,0.0005467216,0.020369336,-0.012242766,0.077630587
-0.002838473,0.00084318795,0.00046886461,0.017685359,-0.01400819,0.069023954
-0.0028491149,0.0010500678,0.00060146707,0.015417088,-8.2246932e-05,0.058584966
-0.0029760129,0.0010559666,0.00046235929,0.02081572,-0.0052460756,0.090942982
-0.0029915746,0.0011737143,0.00059562348,0.025763052,-0.017269112,0.083228233
-0.0032911671,0.0013970248,0.00069810497,0.024409265,-0.02921317,0.10733045
-0.0032856688,0.0011928603,0.00086280557,0.02987195,-0.017061195,0.098830153
-0.0032521884,0.0013987934,0.0011757173,0.040457966,-0.01221012,0.10879969
-0.0037082773,0.0011196965,0.00086193355,0.046067587,-0.022571212,0.12807597
-0.0039163354,0.0010568292,0.00072772221,0.031932783,-0.0023180996,0.072069133
-0.0039818521,0.0011058904,0.00078172282,0.031855432,-0.010406696,0.090140395
-0.0043600129,0.0010320816,0.00079317988,0.023014367,-0.0072478704,0.089382659
-0.0044103731,0.0010435587,0.0006889807,0.015513181,-0.013315637,0.094780131
-0.0044377928,0.001198248,0.00080961336,0.0089043559,0.00092198966,0.082941264
-0.0044471082,0.0010660262,0.00072502464,0.0083954047,-0.02809494,0.10420698
-0.0048425382,0.001172373,0.00077202877,0.010968601,-0.033020141,0.11863908
-0.0053366083,0.0011367767,0.00094839143,0.016121808,-0.037825716,0.14421126
-0.005514258,0.0012920011,0.0010471469,0.018798921,-0.024460207,0.15070581
-0.0059581167,0.0010173065,0.00093403457,0.033770289,-0.03464949,0.18985503
-0.0062836401,0.00093538843,0.00072656235,0.010840434,-0.035761499,0.16218626
-0.006345512,0.00082996248,0.00081106784,0.014128244,-0.043441517,0.18201349
-0.0064657219,0.00085965933,0.00064361399,0.015867309,-0.036293701,0.19000541
-0.0066472127,0.00075393873,0.00068717728,0.021551712,-0.041865867,0.18960984
-0.0063550357,0.00072599234,0.00057208032,0.0085623736,-0.037097208,0.16727348
-0.0066445722,0.0008455071,0.0004769641,-0.0072128852,-0.026571368,0.16900871
-0.0065959161,0.00077580034,0.00047864728,0.001754097,-0.039606805,0.19416891
-0.006541112,0.00085849778,0.00053997693,-0.0081142181,-0.027207733,0.18291267
-0.0062344352,0.00098857051,0.00064015761,0.0023048504,-0.029365784,0.17066648
-0.0062183625,0.00099098746,0.000577199,-0.0010515154,-0.016768032,0.15922755
-0.0064658944,0.00084637114,0.00048863063,-0.00077011092,-0.026074311,0.17578246
-0.0064656751,0.0010011439,0.00064762093,0.0011820884,-0.015848383,0.17815427
-0.0063606042,0.00082146184,0.00052886216,0.0057439041,-0.031235715,0.18727054
-0.0064651157,0.00073029919,0.00068149431,0.003985859,-0.015759982,0.16008298
-0.0068018568,0.00077246144,0.00044866924,-0.00055311176,-0.030332642,0.19204901
-0.0068845022,0.00086881796,0.00055299337,0.0018795758,-0.02621051,0.17354539
-0.0070129216,0.00079103464,0.00053176868,0.0071554544,-0.044180979,0.1881046
-0.0068327204,0.0008498419,0.00090098362,0.02071312,-0.02025691,0.18082846
-0.0069447449,0.00034670718,0.00038976323,0.017994019,-0.050398419,0.20890382
-0.0069613596,0.00059098716,0.00020086994,0.0045657739,-0.019998133,0.17950765
-0.0059163931,-0.00017359251,-0.00038650694,0.012451443,-0.14995778,0.30846771
-0.0068623249,-0.00011177511,2.5642843e-05,0.046997209,-0.040369207,0.21803945
-0.0024992466,-8.5160248e-05,0.0010816742,0.075901249,0.0099838236,0.025048122
-0.0017240243,-0.00073933797,0.00034419274,0.047613108,-0.055520948,0.071394866
-0.0023420634,-5.2957615e-05,0.000453564,0.063911373,0.023880368,0.11653399
-0.0023430781,1.6815766e-05,0.00051372893,0.085942809,0.0049652667,0.13291521
-0.0027925713,0.00052805729,0.0010715153,0.084258168,0.012029364,0.15047784
-0.0028538287,0.00060530515,0.001120274,0.085008851,-0.0079243145,0.16557862
-0.0033765039,0.00060857665,0.0010091929,0.079494162,-0.0039784028,0.19751182
-0.0034222181,0.00066179858,0.00084282179,0.060389373,0.011087704,0.15120883
-0.0035801737,0.00061542022,0.00070864732,0.066287504,0.0078812049,0.16360624
-0.0039619042,0.00076600561,0.00064318101,0.060529419,-0.0012730597,0.17476504
-0.0045296133,0.00085806039,0.00074310699,0.048869742,-0.0023921417,0.19972327
-0.0050336259,0.00062544191,0.00070316236,0.047820849,-0.010769655,0.20691305
-0.0052366097,0.00085038062,0.00080401473,0.0377495,0.0077743414,0.15948968
-0.0054350501,0.00056088423,0.00059249762,0.039824708,-0.014078874,0.18776181
-0.0056585481,0.00069174147,0.00060474849,0.017041812,0.0016938473,0.12523852
-0.0052155069,0.00047667043,0.00019283527,0.020311752,-0.0083077009,0.16807901
-0.0054873317,0.0005113208,0.0001607511,0.015951135,-0.00097190802,0.14331931
-0.0054452747,0.00031899464,9.8126878e-05,0.017976709,-0.019684527,0.17085858
-0.0057012143,0.00039082294,4.6982613e-05,0.0024288401,-0.01006343,0.15805511
-0.0060495799,0.00033542108,0.00011630495,0.0048656978,-0.021299241,0.19359573
-0.0059987991,0.00039162343,3.4944274e-05,-0.01093108,-0.0073629178,0.17388209
-0.0060796979,6.2933403e-05,-0.00021370637,-0.018199042,-0.015559956,0.18156696
-0.0061333121,-3.5367782e-05,-0.00036491356,-0.02832866,-0.016491647,0.15967206
-0.0063679312,-0.00036287176,-0.00062504771,-0.03208383,-0.023724947,0.16923066
-0.0063188329,-0.00018138334,-0.00056020795,-0.037593561,-0.012636422,0.16515487
-0.0062290099,0.00011489755,-0.00035810632,-0.0081390148,-0.010168537,0.17090239
-0.0061916845,0.00018672047,-0.00018596537,-0.0027907324,-0.011488971,0.19573285
-0.006264465,0.00026374461,-0.00027410023,-0.0028388577,-0.0153442,0.18703567
-0.0063729897,0.00027826134,1.8927445e-05,-0.012337712,-0.0033021625,0.15731417
-0.0065393956,0.00031321358,-8.7310739e-06,-0.0038121648,-0.008635397,0.17574747
-0.006452441,0.0003108782,-0.00012346915,-0.0021162478,-0.02113967,0.18149005
-0.0065050714,0.00030786992,-3.0603745e-05,-0.0047071446,-0.016176125,0.16910923
-0.0064763077,0.00031951216,-0.00017193796,-0.0098393785,-0.033065314,0.2123515
-0.0068503931,0.00038670245,7.7885303e-05,-0.010775693,-0.021851336,0.17158884
-0.0065163493,0.00024065349,2.2041964e-05,-0.013295031,-0.038246965,0.19781911
-0.0069113899,0.00018287235,5.3483584e-05,0.0062397155,-0.005863392,0.1919804
-0.006793442,-0.00029318298,-0.00020390933,-0.030052863,-0.092065696,0.33801328
-0.0064626245,-0.0016229408,-0.0011807888,-0.039281799,-0.23198389,0.45561457
-0.0080131844,-0.00050001638,-0.0011579035,-0.034520654,0.030324286,0.21750708
-0.0081044109,-0.00057260879,-0.00088103821,-0.022962632,-0.023190669,0.35810888
-0.0090377421,0.00015992699,-0.00035170223,-0.023313676,0.022537416,0.29348371
-0.0095103913,-0.00015553369,-0.00023903542,-0.021538659,-0.035627458,0.38679013
-0.0091770941,-0.00027921062,-0.00030660866,-0.023875704,-0.020478793,0.3170711
-0.010178263,2.8848604e-05,2.9375909e-05,-0.01322346,-0.043128011,0.39001318
-0.0081818505,-0.00059093429,0.00040830506,0.045092743,-0.05635357,0.2680053
-0.0085823956,-5.6657747e-05,0.00029282686,0.0070832093,-0.016911101,0.27422359
-0.009186126,-0.0001455235,0.00018712732,0.030001663,-0.04687706,0.38706847
-0.0092054516,0.00012659401,0.00036648178,0.019607127,-0.019945376,0.34206197
-0.009671602,0.000144441,0.00021219876,0.022848739,-0.034853004,0.38854016
-0.009730662,0.00027386054,0.0002686524,0.018089571,-0.021184809,0.37421312
-0.0098687769,0.00017957411,-2.4735988e-05,0.0099376238,-0.024971205,0.40301217
-0.0096404388,7.5157863e-05,-0.00015347985,0.013741485,-0.0056370737,0.35387734
-0.0095996169,0.00012979152,-0.00022418718,0.017866323,-0.021960849,0.35241603
-0.0095780122,0.00030161883,-4.6848362e-05,0.012690028,-0.011791754,0.34060234
-0.0097553092,0.00027160769,-5.5030877e-05,0.017604995,-0.026597493,0.3857122
-0.010024366,0.0005357343,0.00012467816,0.0072491228,-0.012634949,0.34441054
-0.0097771909,0.000202825,-2.3577772e-05,0.014557592,-0.02431624,0.36236053
-0.0099162001,0.00040521136,0.00019293985,-0.0059352237,0.0056963596,0.27283914
-0.0099628529,0.00026549786,-7.827803e-05,0.0011801438,-0.020137909,0.34710541
-0.010026456,0.00045242723,-9.6230908e-05,-0.0034129679,-0.013582723,0.29931509
-0.0098141972,0.0003030839,-0.00020035784,0.0076535502,-0.031754827,0.3709694
-0.009901983,0.00020026027,-0.00030629626,0.0014366332,-0.027444181,0.32833968
-0.0098819518,0.00031605054,-0.0002066322,0.0020815556,-0.032446068,0.34376256
-0.0095635522,0.00030602085,-0.00022862145,0.0027960695,-0.013747487,0.31475971
-0.0097515817,0.00027166345,-0.00018434519,0.0062350327,-0.012052896,0.33699264
-0.0097644791,0.00015999256,-0.00022028308,0.0066023348,-0.0096404125,0.32153706
-0.0098742898,0.00018891935,-0.00026089974,0.00098235423,-0.0016002085,0.32663917
-0.0099692758,0.00011197711,-0.00041332041,-0.0046502909,-0.0090341256,0.33457786
-0.0098384011,0.00019654405,-0.00031456193,0.0033213108,-0.015487086,0.36480941
-0.0098590328,0.00017568078,-0.00030557502,-0.0041155971,-0.018257229,0.35914077
-0.0099514485,0.00019747698,-0.00029124917,-0.004445079,-0.011839075,0.34795894
-0.0098037887,0.00016621886,-0.00031626503,-0.0035831954,-0.02313278,0.35095216
-0.010147069,0.00011934751,-0.00040784035,-0.010153888,-0.023332503,0.35190854
-0.0098732935,2.9788708e-05,-0.00039596848,-0.0095999231,-0.024055,0.34703397
-0.010192619,0.00023427498,-0.00040996852,-0.0016540152,-0.027984681,0.3602008
-0.010124982,0.00021690401,-0.00024302079,-0.0033498754,-0.014398491,0.32044343
-0.0097143916,0.00024917356,-5.2093272e-05,-0.0015663071,-0.0063889807,0.32454978
-0.0099275976,0.00040599276,9.1966647e-05,0.0014673438,-0.032817908,0.33876704
-0.010027361,0.00046360157,-0.00022140469,0.0040894159,-0.03093254,0.37404452
-0.010011241,0.00030599496,-0.00023350613,0.0033209684,-0.047893559,0.33739873
-0.0098284248,0.00032315808,-0.00036515181,0.01088788,-0.018521731,0.32012458
-0.0098166923,0.00033998534,-0.00033352264,0.017874642,-0.028318699,0.34576051
-0.01001732,0.00050080119,-0.00020591078,-0.00079855983,-0.027262068,0.3293347
-0.0099197491,0.00050042914,-0.00021695807,0.0060040719,-0.023291067,0.35385485
-0.010347448,0.00068627387,-1.2879535e-05,0.020096807,-0.022409857,0.38835845
-0.010252584,0.00078455735,4.3362792e-05,0.015419735,-0.030236603,0.37155038
-0.010193978,0.00079160059,0.00013122455,0.0060613605,-0.030377794,0.35664906
-0.010337543,0.00077483193,3.8896828e-06,0.0084160546,-0.030243919,0.36866363
-0.010490995,0.00086528429,-1.8865797e-05,0.0057951891,-0.045011069,0.38635782
-0.0099902399,0.00023193472,-0.0003415381,-0.0019090982,-0.052430874,0.37851906
-0.010291115,0.00064740817,-0.00032122769,0.001744425,-0.025999127,0.34846174
-0.010117692,0.0004542377,-0.00026549565,-0.0043236128,-0.039158935,0.336874
-0.01042905,0.00064528766,-2.4733198e-05,-0.0098408392,-0.019593275,0.30122003
-0.010247358,0.00067490863,-4.2357836e-05,-0.0038902763,-0.029467605,0.3459836
-0.010585474,0.00097224389,0.00011651711,-0.0097077279,-0.007166275,0.30780492
-0.010499211,0.0005933956,-7.0707301e-05,0.005493921,-0.038157943,0.37063608
-0.010693701,0.00077993816,4.0290416e-05,-7.2936957e-05,-0.0084459098,0.30615959
-0.010497327,0.0005558256,-6.0501487e-05,0.0024816612,-0.02523451,0.35640331
-0.01013855,0.00082099589,-0.00011849063,0.0022179651,-0.02338498,0.3353845
-0.0096863677,0.00072221398,-0.00015344608,0.014671908,-0.032018914,0.36332358
-0.0099330721,0.00085323778,-0.00015743742,0.016991225,-0.03396023,0.35386537
-0.010122183,0.00076171358,-0.00013282417,0.00097515459,-0.027124012,0.32766837
-0.010220294,0.0008115157,-0.00010664876,0.00093892183,-0.0036644095,0.33046877
-0.010316232,0.00056622296,-0.00016397668,0.020094665,-0.029747028,0.37222689
-0.010178903,0.00073640234,5.5658318e-05,0.019312104,-0.0039951302,0.32926612
-0.010195673,0.00055314313,-0.00010773011,0.015785191,-0.040665288,0.37124596
-0.010359014,0.00078847518,-0.00017911253,0.004793026,-0.024909302,0.36224658
-0.010212537,0.00054476559,-0.000197147,0.013800609,-0.040858836,0.37427619
-0.010174476,0.00066338422,-0.00025452027,0.0040491321,-0.029596644,0.35541293
-0.010315643,0.00059270228,-0.00036106032,0.0051937904,-0.035740337,0.40076885
-0.010481804,0.00072364204,-0.00015962887,-0.0034273392,-0.018613051,0.33683587
-0.0105759,0.00067472978,-0.00011819928,-0.0039819302,-0.039951197,0.37938899
-0.010288433,0.00074208265,-0.00011229073,-0.011705453,-0.01146698,0.29818957
-0.010254493,0.00065140876,-0.0001471598,-0.011462927,-0.021918018,0.35721086
-0.010001703,0.00070153441,-0.00010754945,-0.0074525955,0.00034726022,0.3084159
-0.010199564,0.00056808377,-0.00012501721,-0.0066572889,-0.035902342,0.36317648
-0.010356896,0.00055096946,2.7206028e-05,-0.013985499,-0.010207668,0.30013304
-0.0099765357,0.00043719649,-0.00022610229,-0.019495998,-0.041952372,0.30877466
-0.010104501,0.00051828124,-0.00028606995,0.0012042915,-0.021983874,0.31192777
-0.009865694,0.00016409344,-0.00044511489,-0.01995538,-0.096209733,0.35430632
-0.0091361909,-0.0001485188,-0.00066962429,-0.002436628,-0.17316811,0.35380107
-0.010613466,0.0007233683,9.9421339e-05,0.019648908,0.024872006,0.30274265
-0.010434057,0.00025964999,0.0014038948,0.14628835,-0.093307651,0.3714762
-0.010321658,0.0014967642,0.0011942044,0.11455498,0.00046394672,0.30587962
-0.0097941243,0.0016812297,0.0013606362,0.12128492,-0.04211336,0.36673194
-0.010829533,0.0024287452,0.001523017,0.10181859,0.0032529719,0.36193778
-0.010890405,0.00201841,0.00115324,0.092317165,-0.052741223,0.45153988
-0.011635256,0.0025633091,0.0016687711,0.077264344,-0.0012224777,0.38563757
-0.011222692,0.0017877369,0.0011603241,0.078004913,-0.073321876,0.49333099
-0.011499075,0.0025612412,0.001601958,0.054017164,0.013272508,0.32170675
-0.01132841,0.0018712373,0.0011083781,0.055295712,-0.05904882,0.45692625
-0.011374613,0.0022177002,0.0012832843,0.059852827,-0.022569669,0.36159465
-0.011506982,0.0019914003,0.00098573421,0.053088843,-0.062206407,0.43372371
-0.01122501,0.002028682,0.0011813258,0.044245237,-0.004531329,0.30549799
-0.011075243,0.0020071012,0.00095819513,0.050724863,-0.030125448,0.39416574
-0.011057046,0.0020488453,0.001031032,0.055779539,-0.0039543615,0.30752992
-0.011174551,0.0022452161,0.0011432533,0.043766268,-0.013286413,0.30565962
-0.01062663,0.0019803323,0.00091948885,0.080610116,-0.052805781,0.36543071
-0.011367081,0.0024001133,0.0008464636,0.050250202,-0.027338224,0.34288035
-0.010591788,0.0016181159,0.0010001449,0.093172598,-0.074548277,0.38465205
-0.0071993576,0.0022749058,0.0017820665,0.099727371,0.018402164,0.11316495
-0.0068359325,0.0017589185,0.0011208098,0.086165882,-0.035253196,0.20086369
-0.0079970806,0.002442102,0.0014123873,0.083452284,-0.00074682595,0.21065252
-0.0082330265,0.0023010577,0.0010507215,0.076500032,-0.031309694,0.29690978
-0.0087461855,0.0026662006,0.0013030759,0.080876326,0.0083809361,0.28657704
-0.0090710206,0.0025387313,0.001106129,0.067610448,-0.0082912315,0.33163713
-0.0094102813,0.0025701287,0.0011777106,0.073534392,0.006912864,0.32489864
-0.0090915746,0.0022752818,0.0010792658,0.071145235,-0.019830755,0.30998084
-0.0093144598,0.0024353704,0.0011699828,0.071178353,0.0056477768,0.30638056
-0.0090310609,0.0023721182,0.0010198962,0.070598173,-0.010925289,0.31820649
-0.0091487966,0.0024280877,0.0011836747,0.074611428,-0.0073632718,0.32084758
-0.0091006855,0.0022626289,0.0009988987,0.058070009,-0.011348755,0.32983037
-0.0088753307,0.0021979788,0.00097632515,0.078840729,-0.0073715963,0.3239256
-0.0092206035,0.0024209028,0.0011663793,0.068026322,-0.014434741,0.3180557
-0.0094679064,0.0026557612,0.0013420993,0.061486095,0.013005724,0.27254914
-0.0093222227,0.0024306881,0.0011186119,0.046835807,-0.012664806,0.30222191
-0.009034147,0.0026792879,0.0012747541,0.040138296,0.0089253738,0.24004446
-0.0084118161,0.0023198307,0.0010892536,0.048338165,-0.013036015,0.31470239
-0.0085949771,0.0025920637,0.0013914546,0.048270112,0.013142078,0.24990842
-0.008260782,0.0023071545,0.0013034574,0.07871321,-0.030994782,0.35347767
-0.0081660454,0.0024692368,0.0013851831,0.084618562,-0.015212577,0.29292674
-0.0078408584,0.0024707839,0.0013440989,0.093684929,-0.020550709,0.31180229
-0.0076318273,0.0027315927,0.0013326521,0.089182377,0.0038671427,0.27725526
-0.0076808917,0.0028105019,0.0013779991,0.085885277,-0.0049951344,0.31326227
-0.0077342453,0.0029266481,0.0014406734,0.076621565,0.010225488,0.27792428
-0.0076839173,0.0025996912,0.0013112902,0.088424515,-0.018954254,0.3104854
-0.0078662219,0.0028164799,0.0014519773,0.080615961,-0.0095157706,0.27163684
-0.0074604285,0.0028863737,0.0012714031,0.076624225,-0.0035471131,0.28518803
-0.0072975311,0.0031024205,0.0014841688,0.086430371,-0.0081255579,0.26766992
-0.0074971782,0.003036044,0.0015216475,0.091029407,-0.0081902969,0.29917273
-0.0072670793,0.0033268597,0.001742056,0.087548338,0.017661112,0.23647111
-0.007076013,0.0033411866,0.0016146751,0.090643099,-0.00046457173,0.29295304
-0.0069801979,0.0035142681,0.0017043535,0.078074134,0.018915146,0.25367688
-0.0069658404,0.0032880824,0.0017412356,0.078932202,0.016462668,0.26529924
-0.0073803024,0.003403373,0.0018284125,0.088187483,0.020314852,0.24120368
-0.0069362829,0.0032533028,0.0015884997,0.078751649,0.006379393,0.23322518
-0.0067513534,0.0031987892,0.001508914,0.09045453,0.0096449756,0.22405324
-0.006832873,0.0034285246,0.0015338298,0.08667206,0.011166707,0.24066246
-0.0068435028,0.0033620164,0.0015075865,0.10219301,-0.013726276,0.24826683
-0.0067809415,0.0036889758,0.0017347903,0.089854753,0.0030346628,0.21775829
-0.0067295066,0.0034267469,0.0017180738,0.088592317,-0.0025587823,0.22875564
-0.0067841444,0.0034754821,0.0018817959,0.086998784,0.020079988,0.19519593
-0.0068237151,0.0035012682,0.0019889579,0.09363044,0.015027678,0.19322656
-0.0069965249,0.0036710013,0.0020257722,0.10185893,0.010188934,0.23621772
-0.0069297515,0.0036015054,0.0019349073,0.093359373,0.025411041,0.22606157
-0.0062702767,0.0035303234,0.0018851485,0.11145734,0.0017235281,0.25078434
-0.0066393139,0.0036800329,0.0019132397,0.10091422,-0.01073329,0.25604533
-0.0066651313,0.0037078807,0.0020024555,0.10326253,0.0025133767,0.23330532
-0.0065529393,0.00363047,0.002161696,0.12550825,0.0066657507,0.22491546
-0.0061210723,0.0035905227,0.0020922211,0.13137641,-0.0064334232,0.24172217
-0.00641686,0.0037766774,0.0021576269,0.12573036,0.0073087468,0.20656317
-0.0061756463,0.0037568591,0.0022637786,0.12556595,0.0027530761,0.21507111
-0.0061385571,0.0038873085,0.0023339363,0.12448441,0.015780216,0.1824836
-0.0062471595,0.0038108123,0.0023879788,0.10464919,-0.0012979958,0.19829794
-0.0063870605,0.00379197,0.0021889309,0.10342884,0.0067202117,0.18082222
-0.0056260338,0.0037625299,0.0022080115,0.11080223,0.0080873697,0.19271593
-0.0047187551,0.0035973646,0.0022942086,0.1130342,0.021646049,0.16349162
-0.0044215644,0.0035005996,0.0022016943,0.12134703,0.0071636248,0.14324936
-0.0043277596,0.0034061258,0.0022459127,0.13026021,0.003980819,0.15689981
-0.0041414852,0.0035397675,0.0021725657,0.13517066,3.894206e-05,0.15406729
-0.0045650474,0.003846735,0.0024740686,0.12855984,0.019981976,0.15303463
-0.0043420446,0.0036946554,0.0025085553,0.13847844,-0.007679202,0.18910069
-0.0027425402,0.0032444753,0.0030914341,0.15906387,-0.0042394913,0.068914199
-0.0029373014,0.0030655302,0.0028725191,0.14690768,-0.010568693,0.12476519
-0.0029809307,0.0034709263,0.0028758911,0.17163084,0.01101448,0.17292408
-0.0027411132,0.0040438872,0.0029271015,0.17103702,0.035980868,0.1362322
-0.0021693455,0.0039476494,0.0028665947,0.1772995,0.022728456,0.17578852
-0.0031469167,0.0041100589,0.0029587349,0.19575363,0.0088728623,0.21420935
-0.0034421619,0.0039497714,0.003154566,0.17366008,0.024908369,0.14946654
-0.0033441351,0.004087443,0.0030915665,0.16684242,0.050669411,0.11452895
-0.0031292287,0.0039468532,0.0029628568,0.1592067,0.033370254,0.14376238
-0.0029864914,0.0041152533,0.0030961555,0.14975239,0.0602601,0.075708066
-0.0028411425,0.0042706738,0.0033419448,0.18275757,0.035808559,0.1224416
-0.0033689968,0.0042941623,0.0031619103,0.18935693,0.028704837,0.13652701
-0.0033784026,0.0040572995,0.0033321325,0.1926931,0.02097357,0.12812971
-0.0032271423,0.004026357,0.003289939,0.19200158,0.043766047,0.062891563
-0.0030161971,0.0040963114,0.003017354,0.18703609,0.012659614,0.11709906
-0.0033506179,0.0044697679,0.0032051163,0.18854609,0.018041072,0.11119571
-0.0029349845,0.0043869604,0.0034634472,0.18663213,0.024131294,0.10586271
-0.0033599804,0.0045049855,0.0035722224,0.19473772,0.0297953,0.1155122
-0.0037432008,0.0044691009,0.0035181714,0.18851106,0.022395043,0.12765235
-0.0037952504,0.0046840368,0.0035634122,0.16892059,0.037026004,0.11801554
-0.0039453071,0.0045490028,0.003559508,0.15458816,0.038597172,0.088494643
-0.003667772,0.0048168752,0.0035335309,0.17813453,0.031493668,0.16471252
-0.0032473219,0.0045844332,0.0033004837,0.18925297,-0.014713824,0.21533175
-0.0030490845,0.0033655584,0.0030220258,0.19938573,-0.11911036,0.38896997
-0.0025995893,0.0042564705,0.0034309673,0.22118952,0.042362074,0.21037539
-0.0028497059,0.0042566059,0.0033750196,0.20146252,-0.0093999504,0.33666944
-0.0028028506,0.004811253,0.0037980378,0.1980602,0.014115734,0.26015126
-0.0025221163,0.0045782501,0.0036637396,0.20155721,0.010752856,0.29000799
-0.0017486797,0.004146482,0.0037284382,0.20848792,0.015774687,0.28150693
-0.0012243234,0.004873348,0.0042970493,0.23002204,0.053281515,0.31279372
-0.0016833548,0.0048623528,0.0042517642,0.25244563,0.023631281,0.36640783
-0.0015005001,0.0051634868,0.0044338595,0.25307601,0.033061584,0.35635674
-0.0013260145,0.0051751302,0.0043726416,0.25289185,0.0088455762,0.3590719
-0.0017475171,0.0054799273,0.0043706646,0.250398,0.031777701,0.32275828
-0.0011904397,0.0051290906,0.0042514705,0.24261638,-0.0098810764,0.35704197
-0.0018999927,0.0053699568,0.0044275279,0.24017984,0.0057994877,0.32089367
-0.0016263825,0.0051925985,0.0043078811,0.23448234,-0.017279059,0.35261294
-0.002145045,0.0055880413,0.0045849574,0.23651251,0.034761055,0.28666074
-0.0013484887,0.0051910268,0.004378469,0.23434989,-0.0064991606,0.37806834
-0.0026332809,0.0057275834,0.0046976831,0.24791168,0.073126185,0.23583626
-0.001900972,0.0050137025,0.0043521513,0.24496599,-0.011517575,0.37412548
-0.0026529463,0.0051718788,0.0044917649,0.23312686,0.063359377,0.22031797
-0.001374298,0.0043913227,0.0041128375,0.23745463,-0.019418731,0.32962455
-0.0019229646,0.0051405595,0.0044288579,0.24350184,0.048431246,0.22161906
-0.0018200222,0.0049104051,0.0041061132,0.22971217,-0.0048950805,0.35794767
-0.0018301027,0.0055007956,0.0046274416,0.23461481,0.046326878,0.22529695
-0.0014906643,0.0052835524,0.0044853106,0.24437511,0.013029059,0.34439636
-0.0021379121,0.0053125345,0.0047484976,0.27074677,0.037085021,0.2721433
-0.002107867,0.005348313,0.0046588661,0.26185236,0.0284552,0.32060649
-0.0023723944,0.0054318507,0.0048053196,0.24992326,0.062861991,0.22447583
-0.0019541577,0.0054245638,0.0045204939,0.21874826,0.033678199,0.28133208
-0.0020473586,0.0054344255,0.0045481218,0.23150907,0.036574757,0.23029061
-0.0017762748,0.0052563637,0.0045582258,0.24360875,0.015040703,0.25339198
-0.0014689387,0.0051799591,0.0044657089,0.25809425,0.023872479,0.24544666
-0.0014134641,0.005147186,0.0044252866,0.24569191,0.013325038,0.26946179
-0.001444065,0.0052453894,0.0044945461,0.25707733,0.017702544,0.24361457
-0.0013237992,0.0052470727,0.0046111551,0.25367361,-0.001730156,0.27517461
-0.0015978458,0.005394309,0.0047328959,0.25577643,0.017130228,0.26962609
-0.0016625245,0.0054155836,0.0047534599,0.24923591,0.0075365045,0.2849388
-0.0017349495,0.0057767652,0.0049637682,0.24460905,0.039346124,0.29153931
-0.0015444713,0.0056288384,0.0049512132,0.26355039,0.022538729,0.33928131
-0.00071287787,0.0057401864,0.0048538448,0.26350594,0.045726935,0.27724986
-0.0004454381,0.0056447123,0.0048323594,0.27494408,0.013640471,0.3457896
-0.001133062,0.0057362949,0.0049712431,0.26928405,0.034822618,0.28803381
-0.0010804952,0.0058732036,0.0050341705,0.25450986,0.036092167,0.25414203
-0.00014780953,0.0057004082,0.0051750695,0.26371742,0.026432659,0.26570716
-0.00042587504,0.0056586387,0.0052809569,0.29322424,0.013762021,0.288126
-0.0007520169,0.0058568785,0.0053115498,0.29656786,0.0346814,0.26338968
-0.00071692306,0.005738519,0.0051716007,0.28382358,0.031918419,0.25527614
-0.00093559429,0.0060847175,0.005246053,0.27715185,0.059987787,0.20157973
-0.00041139207,0.0059390425,0.0051398751,0.27420275,0.011311048,0.27626191
-0.0004913946,0.0061893595,0.0053616039,0.27602054,0.041140402,0.20166831
5.5728666e-05,0.0058675407,0.0051038551,0.27757155,-0.0078650249,0.2856857
-0.00054790486,0.005931204,0.0053989136,0.29540318,0.0079219098,0.2529894
-0.00051429408,0.0060035776,0.0052371371,0.27927897,-0.0007026979,0.27682459
-9.7058239e-05,0.0058420752,0.0055027583,0.29059434,0.04400456,0.19254283
-0.00019372094,0.0058918215,0.005307168,0.29127382,0.0076125608,0.28540473
-7.680221e-05,0.0063096556,0.0053541525,0.29167557,0.029101152,0.24777786
0.00057096023,0.0057933561,0.005117306,0.26171567,0.011619791,0.27473166
0.00019210057,0.0057053626,0.0052191891,0.27597291,0.054068748,0.18523886
0.00062578258,0.0056173741,0.0050520832,0.29129944,0.017734673,0.26798514
5.2129638e-05,0.0057061166,0.0058568847,0.34815229,0.035793648,0.20012372
0.00039137015,0.0057967761,0.0061320584,0.36089176,0.044742626,0.17618389
0.0012698355,0.0060417426,0.0060053889,0.35236136,0.011125806,0.19662065
0.0014462381,0.0060989685,0.0061151594,0.36516617,0.017938545,0.21317265
0.0009447756,0.0062828266,0.0061075963,0.36579416,-0.0017956801,0.2615414
0.00053857647,0.0062545292,0.0061865327,0.37040533,-0.0014457974,0.29244559
0.0010025422,0.0064354167,0.0062059898,0.36533912,0.013938186,0.24790562
0.00032904271,0.0065139074,0.006184697,0.3513828,0.019460995,0.30747716
0.00059044204,0.0063299242,0.0061938484,0.3496926,0.035804518,0.21961167
0.00047396194,0.0063854883,0.0059157838,0.34608417,0.040364454,0.2425138
0.00026552991,0.006422892,0.006113312,0.34688126,0.024376195,0.22464454
0.000268062,0.0064642593,0.0057827285,0.31589076,0.054680352,0.25481866
0.0032353913,0.004302807,0.0056429024,0.33126434,-0.17920633,0.30408639
0.0025937518,0.004762184,0.0064541412,0.3645947,-0.038921583,0.19370065
0.0012595818,0.0055820805,0.0064316454,0.36093637,0.073372548,0.18587767
0.0013683803,0.0061486863,0.0065992514,0.37959655,0.025340829,0.28536662
0.00057061233,0.0067547568,0.0065350462,0.36115378,0.086798892,0.2270185
0.0001938249,0.0070886811,0.0063525563,0.33736071,0.063392479,0.24563667
0.00084380572,0.0064098502,0.006367956,0.33908399,0.03166884,0.29996736
-0.00013504193,0.0069070801,0.0064918041,0.34878218,0.021653367,0.32628515
0.00017548981,0.0063103009,0.0064052607,0.3340733,0.024359532,0.38206428
0.00010266608,0.0063651657,0.006599017,0.35651988,0.046580808,0.31202635
0.00090099862,0.006279002,0.0066595262,0.36503052,0.0016047308,0.37149232
0.00060892696,0.0066003344,0.0069076333,0.37641313,0.044296541,0.26962984
0.0010779017,0.0066150011,0.0067212572,0.37968597,-0.015010756,0.35512219
0.00047600315,0.0069852713,0.0068289708,0.38181448,0.031430554,0.27428505
0.0011649275,0.0067089137,0.0066476872,0.38576336,-0.017911851,0.33988859
0.00091574564,0.0069404156,0.006635153,0.4005637,0.048330866,0.23927852
